Algorithm,Compressed size,Compression speed,Dataset,Decompression speed,Filename,Memlimit,MinIters,Nbits,Nthreads,Order,Original size,Preprocs,Query,Ratio,__pyience_timestamp__
Memcpy,111990,958.57,ucr,937.98,colmajor/uint16/ucr/Trace.dat,-1,10,16,0,f,111990,DoubleDelta,0,100.0,2024-08-01T18_40_54
Zlib -1,94776,41.96,ucr,201.05,colmajor/uint16/ucr/Trace.dat,-1,10,16,0,f,111990,DoubleDelta,0,84.63,2024-08-01T18_40_54
Zlib -9,93764,29.22,ucr,220.39,colmajor/uint16/ucr/Trace.dat,-1,10,16,0,f,111990,DoubleDelta,0,83.73,2024-08-01T18_40_54
Zstd -1,92470,445.62,ucr,393.8,colmajor/uint16/ucr/Trace.dat,-1,10,16,0,f,111990,DoubleDelta,0,82.57,2024-08-01T18_40_54
Zstd -9,92494,66.66,ucr,498.48,colmajor/uint16/ucr/Trace.dat,-1,10,16,0,f,111990,DoubleDelta,0,82.59,2024-08-01T18_40_54
LZ4,111945,953.42,ucr,1416.18,colmajor/uint16/ucr/Trace.dat,-1,10,16,0,f,111990,DoubleDelta,0,99.96,2024-08-01T18_40_54
LZO -1,112431,1518.12,ucr,1184.49,colmajor/uint16/ucr/Trace.dat,-1,10,16,0,f,111990,DoubleDelta,0,100.39,2024-08-01T18_40_54
LZO -9,112431,1220.31,ucr,588.68,colmajor/uint16/ucr/Trace.dat,-1,10,16,0,f,111990,DoubleDelta,0,100.39,2024-08-01T18_40_54
Huffman,92501,264.0,ucr,206.48,colmajor/uint16/ucr/Trace.dat,-1,10,16,0,f,111990,DoubleDelta,0,82.6,2024-08-01T18_40_54
Snappy,111999,637.79,ucr,577.28,colmajor/uint16/ucr/Trace.dat,-1,10,16,0,f,111990,DoubleDelta,0,100.01,2024-08-01T18_40_54
Brotli -1,92481,268.66,ucr,147.93,colmajor/uint16/ucr/Trace.dat,-1,10,16,0,f,111990,DoubleDelta,0,82.58,2024-08-01T18_40_54
Brotli -9,92540,5.15,ucr,180.79,colmajor/uint16/ucr/Trace.dat,-1,10,16,0,f,111990,DoubleDelta,0,82.63,2024-08-01T18_40_54
Zlib -1,77003,405.25,ucr,595.5,colmajor/uint16/ucr/SmallKitchenAppliances.dat,-1,10,16,0,f,1087490,DoubleDelta,0,7.08,2024-08-01T18_40_54
Zlib -9,59369,20.02,ucr,486.74,colmajor/uint16/ucr/SmallKitchenAppliances.dat,-1,10,16,0,f,1087490,DoubleDelta,0,5.46,2024-08-01T18_40_54
Zstd -1,64154,700.77,ucr,859.16,colmajor/uint16/ucr/SmallKitchenAppliances.dat,-1,10,16,0,f,1087490,DoubleDelta,0,5.9,2024-08-01T18_40_54
Zstd -9,57737,210.35,ucr,960.55,colmajor/uint16/ucr/SmallKitchenAppliances.dat,-1,10,16,0,f,1087490,DoubleDelta,0,5.31,2024-08-01T18_40_54
LZ4,96512,977.76,ucr,1111.2,colmajor/uint16/ucr/SmallKitchenAppliances.dat,-1,10,16,0,f,1087490,DoubleDelta,0,8.87,2024-08-01T18_40_54
LZO -1,97887,1001.22,ucr,946.47,colmajor/uint16/ucr/SmallKitchenAppliances.dat,-1,10,16,0,f,1087490,DoubleDelta,0,9.0,2024-08-01T18_40_54
LZO -9,97887,1012.75,ucr,947.44,colmajor/uint16/ucr/SmallKitchenAppliances.dat,-1,10,16,0,f,1087490,DoubleDelta,0,9.0,2024-08-01T18_40_54
Huffman,261942,613.78,ucr,727.94,colmajor/uint16/ucr/SmallKitchenAppliances.dat,-1,10,16,0,f,1087490,DoubleDelta,0,24.09,2024-08-01T18_40_54
Snappy,119452,952.05,ucr,956.49,colmajor/uint16/ucr/SmallKitchenAppliances.dat,-1,10,16,0,f,1087490,DoubleDelta,0,10.98,2024-08-01T18_40_54
Brotli -1,68936,674.27,ucr,484.14,colmajor/uint16/ucr/SmallKitchenAppliances.dat,-1,10,16,0,f,1087490,DoubleDelta,0,6.34,2024-08-01T18_40_54
Brotli -9,55178,35.43,ucr,754.04,colmajor/uint16/ucr/SmallKitchenAppliances.dat,-1,10,16,0,f,1087490,DoubleDelta,0,5.07,2024-08-01T18_40_54
Zlib -1,109019,337.91,ucr,575.54,colmajor/uint16/ucr/LargeKitchenAppliances.dat,-1,10,16,0,f,1087490,DoubleDelta,0,10.02,2024-08-01T18_40_54
Zlib -9,94512,23.84,ucr,433.03,colmajor/uint16/ucr/LargeKitchenAppliances.dat,-1,10,16,0,f,1087490,DoubleDelta,0,8.69,2024-08-01T18_40_54
Zstd -1,97046,717.27,ucr,938.62,colmajor/uint16/ucr/LargeKitchenAppliances.dat,-1,10,16,0,f,1087490,DoubleDelta,0,8.92,2024-08-01T18_40_54
Zstd -9,91808,229.57,ucr,1016.9,colmajor/uint16/ucr/LargeKitchenAppliances.dat,-1,10,16,0,f,1087490,DoubleDelta,0,8.44,2024-08-01T18_40_54
LZ4,125004,943.67,ucr,1164.32,colmajor/uint16/ucr/LargeKitchenAppliances.dat,-1,10,16,0,f,1087490,DoubleDelta,0,11.49,2024-08-01T18_40_54
LZO -1,126518,1039.58,ucr,945.62,colmajor/uint16/ucr/LargeKitchenAppliances.dat,-1,10,16,0,f,1087490,DoubleDelta,0,11.63,2024-08-01T18_40_54
LZO -9,126518,1038.8,ucr,942.14,colmajor/uint16/ucr/LargeKitchenAppliances.dat,-1,10,16,0,f,1087490,DoubleDelta,0,11.63,2024-08-01T18_40_54
Huffman,294713,619.02,ucr,720.27,colmajor/uint16/ucr/LargeKitchenAppliances.dat,-1,10,16,0,f,1087490,DoubleDelta,0,27.1,2024-08-01T18_40_54
Snappy,153327,1029.24,ucr,947.71,colmajor/uint16/ucr/LargeKitchenAppliances.dat,-1,10,16,0,f,1087490,DoubleDelta,0,14.1,2024-08-01T18_40_54
Brotli -1,100480,648.84,ucr,453.88,colmajor/uint16/ucr/LargeKitchenAppliances.dat,-1,10,16,0,f,1087490,DoubleDelta,0,9.24,2024-08-01T18_40_54
Brotli -9,89537,33.0,ucr,617.24,colmajor/uint16/ucr/LargeKitchenAppliances.dat,-1,10,16,0,f,1087490,DoubleDelta,0,8.23,2024-08-01T18_40_54
Zlib -1,162558,44.55,ucr,193.73,colmajor/uint16/ucr/TwoLeadECG.dat,-1,10,16,0,f,202178,DoubleDelta,0,80.4,2024-08-01T18_40_54
Zlib -9,157784,16.16,ucr,211.15,colmajor/uint16/ucr/TwoLeadECG.dat,-1,10,16,0,f,202178,DoubleDelta,0,78.04,2024-08-01T18_40_54
Zstd -1,161675,280.84,ucr,536.57,colmajor/uint16/ucr/TwoLeadECG.dat,-1,10,16,0,f,202178,DoubleDelta,0,79.97,2024-08-01T18_40_54
Zstd -9,153859,49.23,ucr,415.08,colmajor/uint16/ucr/TwoLeadECG.dat,-1,10,16,0,f,202178,DoubleDelta,0,76.1,2024-08-01T18_40_54
LZ4,196783,609.37,ucr,1394.79,colmajor/uint16/ucr/TwoLeadECG.dat,-1,10,16,0,f,202178,DoubleDelta,0,97.33,2024-08-01T18_40_54
LZO -1,195379,501.17,ucr,703.74,colmajor/uint16/ucr/TwoLeadECG.dat,-1,10,16,0,f,202178,DoubleDelta,0,96.64,2024-08-01T18_40_54
LZO -9,195379,397.52,ucr,335.34,colmajor/uint16/ucr/TwoLeadECG.dat,-1,10,16,0,f,202178,DoubleDelta,0,96.64,2024-08-01T18_40_54
Huffman,162801,664.79,ucr,565.36,colmajor/uint16/ucr/TwoLeadECG.dat,-1,10,16,0,f,202178,DoubleDelta,0,80.52,2024-08-01T18_40_54
Snappy,194077,528.17,ucr,1115.71,colmajor/uint16/ucr/TwoLeadECG.dat,-1,10,16,0,f,202178,DoubleDelta,0,95.99,2024-08-01T18_40_54
Brotli -1,162496,217.19,ucr,170.85,colmajor/uint16/ucr/TwoLeadECG.dat,-1,10,16,0,f,202178,DoubleDelta,0,80.37,2024-08-01T18_40_54
Brotli -9,155668,7.22,ucr,171.67,colmajor/uint16/ucr/TwoLeadECG.dat,-1,10,16,0,f,202178,DoubleDelta,0,77.0,2024-08-01T18_40_54
Zlib -1,233891,81.34,ucr,276.79,colmajor/uint16/ucr/Earthquakes.dat,-1,10,16,0,f,476664,DoubleDelta,0,49.07,2024-08-01T18_40_54
Zlib -9,219014,3.39,ucr,308.12,colmajor/uint16/ucr/Earthquakes.dat,-1,10,16,0,f,476664,DoubleDelta,0,45.95,2024-08-01T18_40_54
Zstd -1,227895,301.66,ucr,508.0,colmajor/uint16/ucr/Earthquakes.dat,-1,10,16,0,f,476664,DoubleDelta,0,47.81,2024-08-01T18_40_54
Zstd -9,206448,70.69,ucr,568.73,colmajor/uint16/ucr/Earthquakes.dat,-1,10,16,0,f,476664,DoubleDelta,0,43.31,2024-08-01T18_40_54
LZ4,260328,482.53,ucr,893.38,colmajor/uint16/ucr/Earthquakes.dat,-1,10,16,0,f,476664,DoubleDelta,0,54.61,2024-08-01T18_40_54
LZO -1,263947,429.16,ucr,535.26,colmajor/uint16/ucr/Earthquakes.dat,-1,10,16,0,f,476664,DoubleDelta,0,55.37,2024-08-01T18_40_54
LZO -9,263947,432.85,ucr,532.24,colmajor/uint16/ucr/Earthquakes.dat,-1,10,16,0,f,476664,DoubleDelta,0,55.37,2024-08-01T18_40_54
Huffman,257520,639.44,ucr,636.02,colmajor/uint16/ucr/Earthquakes.dat,-1,10,16,0,f,476664,DoubleDelta,0,54.03,2024-08-01T18_40_54
Snappy,253004,417.83,ucr,783.21,colmajor/uint16/ucr/Earthquakes.dat,-1,10,16,0,f,476664,DoubleDelta,0,53.08,2024-08-01T18_40_54
Brotli -1,222354,212.18,ucr,233.8,colmajor/uint16/ucr/Earthquakes.dat,-1,10,16,0,f,476664,DoubleDelta,0,46.65,2024-08-01T18_40_54
Brotli -9,202020,12.28,ucr,297.09,colmajor/uint16/ucr/Earthquakes.dat,-1,10,16,0,f,476664,DoubleDelta,0,42.38,2024-08-01T18_40_54
Zlib -1,121527,287.33,ucr,495.45,colmajor/uint16/ucr/ScreenType.dat,-1,10,16,0,f,1087490,DoubleDelta,0,11.17,2024-08-01T18_40_54
Zlib -9,99178,14.5,ucr,453.93,colmajor/uint16/ucr/ScreenType.dat,-1,10,16,0,f,1087490,DoubleDelta,0,9.12,2024-08-01T18_40_54
Zstd -1,115093,571.03,ucr,760.56,colmajor/uint16/ucr/ScreenType.dat,-1,10,16,0,f,1087490,DoubleDelta,0,10.58,2024-08-01T18_40_54
Zstd -9,100539,158.47,ucr,859.66,colmajor/uint16/ucr/ScreenType.dat,-1,10,16,0,f,1087490,DoubleDelta,0,9.25,2024-08-01T18_40_54
LZ4,163505,771.74,ucr,1045.33,colmajor/uint16/ucr/ScreenType.dat,-1,10,16,0,f,1087490,DoubleDelta,0,15.04,2024-08-01T18_40_54
LZO -1,159099,808.09,ucr,776.84,colmajor/uint16/ucr/ScreenType.dat,-1,10,16,0,f,1087490,DoubleDelta,0,14.63,2024-08-01T18_40_54
LZO -9,159099,818.87,ucr,773.84,colmajor/uint16/ucr/ScreenType.dat,-1,10,16,0,f,1087490,DoubleDelta,0,14.63,2024-08-01T18_40_54
Huffman,404491,623.88,ucr,650.67,colmajor/uint16/ucr/ScreenType.dat,-1,10,16,0,f,1087490,DoubleDelta,0,37.19,2024-08-01T18_40_54
Snappy,174369,737.91,ucr,883.97,colmajor/uint16/ucr/ScreenType.dat,-1,10,16,0,f,1087490,DoubleDelta,0,16.03,2024-08-01T18_40_54
Brotli -1,116365,490.94,ucr,418.13,colmajor/uint16/ucr/ScreenType.dat,-1,10,16,0,f,1087490,DoubleDelta,0,10.7,2024-08-01T18_40_54
Brotli -9,97160,30.84,ucr,565.42,colmajor/uint16/ucr/ScreenType.dat,-1,10,16,0,f,1087490,DoubleDelta,0,8.93,2024-08-01T18_40_54
Zlib -1,906985,52.62,ucr,198.76,colmajor/uint16/ucr/ShapesAll.dat,-1,10,16,0,f,1240790,DoubleDelta,0,73.1,2024-08-01T18_40_54
Zlib -9,888254,17.95,ucr,190.53,colmajor/uint16/ucr/ShapesAll.dat,-1,10,16,0,f,1240790,DoubleDelta,0,71.59,2024-08-01T18_40_54
Zstd -1,895967,385.5,ucr,575.11,colmajor/uint16/ucr/ShapesAll.dat,-1,10,16,0,f,1240790,DoubleDelta,0,72.21,2024-08-01T18_40_54
Zstd -9,854957,33.65,ucr,433.63,colmajor/uint16/ucr/ShapesAll.dat,-1,10,16,0,f,1240790,DoubleDelta,0,68.9,2024-08-01T18_40_54
LZ4,1189032,647.14,ucr,1192.33,colmajor/uint16/ucr/ShapesAll.dat,-1,10,16,0,f,1240790,DoubleDelta,0,95.83,2024-08-01T18_40_54
LZO -1,1200726,677.28,ucr,908.92,colmajor/uint16/ucr/ShapesAll.dat,-1,10,16,0,f,1240790,DoubleDelta,0,96.77,2024-08-01T18_40_54
LZO -9,1200726,674.11,ucr,910.74,colmajor/uint16/ucr/ShapesAll.dat,-1,10,16,0,f,1240790,DoubleDelta,0,96.77,2024-08-01T18_40_54
Huffman,902853,660.9,ucr,623.48,colmajor/uint16/ucr/ShapesAll.dat,-1,10,16,0,f,1240790,DoubleDelta,0,72.76,2024-08-01T18_40_54
Snappy,1197185,704.66,ucr,1112.07,colmajor/uint16/ucr/ShapesAll.dat,-1,10,16,0,f,1240790,DoubleDelta,0,96.49,2024-08-01T18_40_54
Brotli -1,897084,209.95,ucr,174.18,colmajor/uint16/ucr/ShapesAll.dat,-1,10,16,0,f,1240790,DoubleDelta,0,72.3,2024-08-01T18_40_54
Brotli -9,849776,8.95,ucr,182.82,colmajor/uint16/ucr/ShapesAll.dat,-1,10,16,0,f,1240790,DoubleDelta,0,68.49,2024-08-01T18_40_54
Zlib -1,54619,52.32,ucr,243.93,colmajor/uint16/ucr/ItalyPowerDemand.dat,-1,10,16,0,f,63558,DoubleDelta,0,85.94,2024-08-01T18_40_54
Zlib -9,52734,16.15,ucr,261.51,colmajor/uint16/ucr/ItalyPowerDemand.dat,-1,10,16,0,f,63558,DoubleDelta,0,82.97,2024-08-01T18_40_54
Zstd -1,53641,300.49,ucr,438.99,colmajor/uint16/ucr/ItalyPowerDemand.dat,-1,10,16,0,f,63558,DoubleDelta,0,84.4,2024-08-01T18_40_54
Zstd -9,52522,65.7,ucr,573.69,colmajor/uint16/ucr/ItalyPowerDemand.dat,-1,10,16,0,f,63558,DoubleDelta,0,82.64,2024-08-01T18_40_54
LZ4,59777,536.98,ucr,550.88,colmajor/uint16/ucr/ItalyPowerDemand.dat,-1,10,16,0,f,63558,DoubleDelta,0,94.05,2024-08-01T18_40_54
LZO -1,59542,408.68,ucr,468.66,colmajor/uint16/ucr/ItalyPowerDemand.dat,-1,10,16,0,f,63558,DoubleDelta,0,93.68,2024-08-01T18_40_54
LZO -9,59542,205.56,ucr,467.8,colmajor/uint16/ucr/ItalyPowerDemand.dat,-1,10,16,0,f,63558,DoubleDelta,0,93.68,2024-08-01T18_40_54
Huffman,55661,259.61,ucr,247.83,colmajor/uint16/ucr/ItalyPowerDemand.dat,-1,10,16,0,f,63558,DoubleDelta,0,87.58,2024-08-01T18_40_54
Snappy,58254,221.23,ucr,484.97,colmajor/uint16/ucr/ItalyPowerDemand.dat,-1,10,16,0,f,63558,DoubleDelta,0,91.65,2024-08-01T18_40_54
Brotli -1,54084,87.7,ucr,67.28,colmajor/uint16/ucr/ItalyPowerDemand.dat,-1,10,16,0,f,63558,DoubleDelta,0,85.09,2024-08-01T18_40_54
Brotli -9,52223,3.5,ucr,179.91,colmajor/uint16/ucr/ItalyPowerDemand.dat,-1,10,16,0,f,63558,DoubleDelta,0,82.17,2024-08-01T18_40_54
Zlib -1,76857,60.14,ucr,211.45,colmajor/uint16/ucr/Meat.dat,-1,10,16,0,f,108710,DoubleDelta,0,70.7,2024-08-01T18_40_54
Zlib -9,76022,18.06,ucr,208.16,colmajor/uint16/ucr/Meat.dat,-1,10,16,0,f,108710,DoubleDelta,0,69.93,2024-08-01T18_40_54
Zstd -1,75302,619.71,ucr,692.89,colmajor/uint16/ucr/Meat.dat,-1,10,16,0,f,108710,DoubleDelta,0,69.27,2024-08-01T18_40_54
Zstd -9,72922,41.96,ucr,414.87,colmajor/uint16/ucr/Meat.dat,-1,10,16,0,f,108710,DoubleDelta,0,67.08,2024-08-01T18_40_54
LZ4,107562,765.58,ucr,1398.11,colmajor/uint16/ucr/Meat.dat,-1,10,16,0,f,108710,DoubleDelta,0,98.94,2024-08-01T18_40_54
LZO -1,109140,1502.64,ucr,594.98,colmajor/uint16/ucr/Meat.dat,-1,10,16,0,f,108710,DoubleDelta,0,100.4,2024-08-01T18_40_54
LZO -9,109140,599.31,ucr,578.08,colmajor/uint16/ucr/Meat.dat,-1,10,16,0,f,108710,DoubleDelta,0,100.4,2024-08-01T18_40_54
Huffman,75281,265.64,ucr,283.03,colmajor/uint16/ucr/Meat.dat,-1,10,16,0,f,108710,DoubleDelta,0,69.25,2024-08-01T18_40_54
Snappy,108719,629.31,ucr,602.17,colmajor/uint16/ucr/Meat.dat,-1,10,16,0,f,108710,DoubleDelta,0,100.01,2024-08-01T18_40_54
Brotli -1,75368,120.44,ucr,73.09,colmajor/uint16/ucr/Meat.dat,-1,10,16,0,f,108710,DoubleDelta,0,69.33,2024-08-01T18_40_54
Brotli -9,72475,5.15,ucr,181.1,colmajor/uint16/ucr/Meat.dat,-1,10,16,0,f,108710,DoubleDelta,0,66.67,2024-08-01T18_40_54
Zlib -1,3967687,64.06,ucr,203.36,colmajor/uint16/ucr/NonInvasiveFatalECG_Thorax2.dat,-1,10,16,0,f,5685140,DoubleDelta,0,69.79,2024-08-01T18_40_54
Zlib -9,3924509,17.57,ucr,204.26,colmajor/uint16/ucr/NonInvasiveFatalECG_Thorax2.dat,-1,10,16,0,f,5685140,DoubleDelta,0,69.03,2024-08-01T18_40_54
Zstd -1,3878001,534.2,ucr,700.61,colmajor/uint16/ucr/NonInvasiveFatalECG_Thorax2.dat,-1,10,16,0,f,5685140,DoubleDelta,0,68.21,2024-08-01T18_40_54
Zstd -9,3572983,26.75,ucr,382.08,colmajor/uint16/ucr/NonInvasiveFatalECG_Thorax2.dat,-1,10,16,0,f,5685140,DoubleDelta,0,62.85,2024-08-01T18_40_54
LZ4,5675624,888.24,ucr,1367.5,colmajor/uint16/ucr/NonInvasiveFatalECG_Thorax2.dat,-1,10,16,0,f,5685140,DoubleDelta,0,99.83,2024-08-01T18_40_54
LZO -1,5705285,1421.07,ucr,1358.35,colmajor/uint16/ucr/NonInvasiveFatalECG_Thorax2.dat,-1,10,16,0,f,5685140,DoubleDelta,0,100.35,2024-08-01T18_40_54
LZO -9,5705285,1421.76,ucr,1380.31,colmajor/uint16/ucr/NonInvasiveFatalECG_Thorax2.dat,-1,10,16,0,f,5685140,DoubleDelta,0,100.35,2024-08-01T18_40_54
Huffman,3875076,661.35,ucr,728.23,colmajor/uint16/ucr/NonInvasiveFatalECG_Thorax2.dat,-1,10,16,0,f,5685140,DoubleDelta,0,68.16,2024-08-01T18_40_54
Snappy,5680957,1432.28,ucr,1395.97,colmajor/uint16/ucr/NonInvasiveFatalECG_Thorax2.dat,-1,10,16,0,f,5685140,DoubleDelta,0,99.93,2024-08-01T18_40_54
Brotli -1,3882007,247.09,ucr,171.23,colmajor/uint16/ucr/NonInvasiveFatalECG_Thorax2.dat,-1,10,16,0,f,5685140,DoubleDelta,0,68.28,2024-08-01T18_40_54
Brotli -9,3558745,5.45,ucr,209.39,colmajor/uint16/ucr/NonInvasiveFatalECG_Thorax2.dat,-1,10,16,0,f,5685140,DoubleDelta,0,62.6,2024-08-01T18_40_54
Zlib -1,1408099,80.36,ucr,236.54,colmajor/uint16/ucr/uWaveGestureLibrary_Y.dat,-1,10,16,0,f,2865910,DoubleDelta,0,49.13,2024-08-01T18_40_54
Zlib -9,1308100,3.15,ucr,253.72,colmajor/uint16/ucr/uWaveGestureLibrary_Y.dat,-1,10,16,0,f,2865910,DoubleDelta,0,45.64,2024-08-01T18_40_54
Zstd -1,1289018,305.07,ucr,539.67,colmajor/uint16/ucr/uWaveGestureLibrary_Y.dat,-1,10,16,0,f,2865910,DoubleDelta,0,44.98,2024-08-01T18_40_54
Zstd -9,1247262,35.44,ucr,508.8,colmajor/uint16/ucr/uWaveGestureLibrary_Y.dat,-1,10,16,0,f,2865910,DoubleDelta,0,43.52,2024-08-01T18_40_54
LZ4,1856817,459.05,ucr,902.19,colmajor/uint16/ucr/uWaveGestureLibrary_Y.dat,-1,10,16,0,f,2865910,DoubleDelta,0,64.79,2024-08-01T18_40_54
LZO -1,1830163,382.62,ucr,483.81,colmajor/uint16/ucr/uWaveGestureLibrary_Y.dat,-1,10,16,0,f,2865910,DoubleDelta,0,63.86,2024-08-01T18_40_54
LZO -9,1830163,381.7,ucr,484.34,colmajor/uint16/ucr/uWaveGestureLibrary_Y.dat,-1,10,16,0,f,2865910,DoubleDelta,0,63.86,2024-08-01T18_40_54
Huffman,1319563,631.44,ucr,685.3,colmajor/uint16/ucr/uWaveGestureLibrary_Y.dat,-1,10,16,0,f,2865910,DoubleDelta,0,46.04,2024-08-01T18_40_54
Snappy,1809976,369.04,ucr,701.6,colmajor/uint16/ucr/uWaveGestureLibrary_Y.dat,-1,10,16,0,f,2865910,DoubleDelta,0,63.16,2024-08-01T18_40_54
Brotli -1,1312645,186.53,ucr,216.05,colmajor/uint16/ucr/uWaveGestureLibrary_Y.dat,-1,10,16,0,f,2865910,DoubleDelta,0,45.8,2024-08-01T18_40_54
Brotli -9,1216863,9.77,ucr,208.54,colmajor/uint16/ucr/uWaveGestureLibrary_Y.dat,-1,10,16,0,f,2865910,DoubleDelta,0,42.46,2024-08-01T18_40_54
Zlib -1,546864,40.79,ucr,224.45,colmajor/uint16/ucr/FacesUCR.dat,-1,10,16,0,f,611990,DoubleDelta,0,89.36,2024-08-01T18_40_54
Zlib -9,538352,31.63,ucr,238.23,colmajor/uint16/ucr/FacesUCR.dat,-1,10,16,0,f,611990,DoubleDelta,0,87.97,2024-08-01T18_40_54
Zstd -1,535802,326.83,ucr,606.48,colmajor/uint16/ucr/FacesUCR.dat,-1,10,16,0,f,611990,DoubleDelta,0,87.55,2024-08-01T18_40_54
Zstd -9,534286,62.31,ucr,603.94,colmajor/uint16/ucr/FacesUCR.dat,-1,10,16,0,f,611990,DoubleDelta,0,87.3,2024-08-01T18_40_54
LZ4,605615,753.16,ucr,1422.08,colmajor/uint16/ucr/FacesUCR.dat,-1,10,16,0,f,611990,DoubleDelta,0,98.96,2024-08-01T18_40_54
LZO -1,614279,1457.95,ucr,1150.68,colmajor/uint16/ucr/FacesUCR.dat,-1,10,16,0,f,611990,DoubleDelta,0,100.37,2024-08-01T18_40_54
LZO -9,614279,1181.76,ucr,571.9,colmajor/uint16/ucr/FacesUCR.dat,-1,10,16,0,f,611990,DoubleDelta,0,100.37,2024-08-01T18_40_54
Huffman,539068,380.64,ucr,356.06,colmajor/uint16/ucr/FacesUCR.dat,-1,10,16,0,f,611990,DoubleDelta,0,88.08,2024-08-01T18_40_54
Snappy,611935,885.42,ucr,808.12,colmajor/uint16/ucr/FacesUCR.dat,-1,10,16,0,f,611990,DoubleDelta,0,99.99,2024-08-01T18_40_54
Brotli -1,537139,229.51,ucr,169.5,colmajor/uint16/ucr/FacesUCR.dat,-1,10,16,0,f,611990,DoubleDelta,0,87.77,2024-08-01T18_40_54
Brotli -9,533683,10.02,ucr,175.39,colmajor/uint16/ucr/FacesUCR.dat,-1,10,16,0,f,611990,DoubleDelta,0,87.2,2024-08-01T18_40_54
Zlib -1,197982,47.85,ucr,205.97,colmajor/uint16/ucr/ECGFiveDays.dat,-1,10,16,0,f,249278,DoubleDelta,0,79.42,2024-08-01T18_40_54
Zlib -9,194102,21.95,ucr,202.08,colmajor/uint16/ucr/ECGFiveDays.dat,-1,10,16,0,f,249278,DoubleDelta,0,77.87,2024-08-01T18_40_54
Zstd -1,194253,311.99,ucr,593.85,colmajor/uint16/ucr/ECGFiveDays.dat,-1,10,16,0,f,249278,DoubleDelta,0,77.93,2024-08-01T18_40_54
Zstd -9,189411,52.07,ucr,416.18,colmajor/uint16/ucr/ECGFiveDays.dat,-1,10,16,0,f,249278,DoubleDelta,0,75.98,2024-08-01T18_40_54
LZ4,246461,707.27,ucr,587.63,colmajor/uint16/ucr/ECGFiveDays.dat,-1,10,16,0,f,249278,DoubleDelta,0,98.87,2024-08-01T18_40_54
LZO -1,250144,642.6,ucr,585.2,colmajor/uint16/ucr/ECGFiveDays.dat,-1,10,16,0,f,249278,DoubleDelta,0,100.35,2024-08-01T18_40_54
LZO -9,250144,569.78,ucr,582.16,colmajor/uint16/ucr/ECGFiveDays.dat,-1,10,16,0,f,249278,DoubleDelta,0,100.35,2024-08-01T18_40_54
Huffman,194666,529.85,ucr,252.59,colmajor/uint16/ucr/ECGFiveDays.dat,-1,10,16,0,f,249278,DoubleDelta,0,78.09,2024-08-01T18_40_54
Snappy,248937,1089.26,ucr,588.05,colmajor/uint16/ucr/ECGFiveDays.dat,-1,10,16,0,f,249278,DoubleDelta,0,99.86,2024-08-01T18_40_54
Brotli -1,194405,130.88,ucr,172.15,colmajor/uint16/ucr/ECGFiveDays.dat,-1,10,16,0,f,249278,DoubleDelta,0,77.99,2024-08-01T18_40_54
Brotli -9,190302,8.29,ucr,176.37,colmajor/uint16/ucr/ECGFiveDays.dat,-1,10,16,0,f,249278,DoubleDelta,0,76.34,2024-08-01T18_40_54
Zlib -1,98529,56.44,ucr,201.01,colmajor/uint16/ucr/Herring.dat,-1,10,16,0,f,132342,DoubleDelta,0,74.45,2024-08-01T18_40_54
Zlib -9,97728,22.98,ucr,200.8,colmajor/uint16/ucr/Herring.dat,-1,10,16,0,f,132342,DoubleDelta,0,73.85,2024-08-01T18_40_54
Zstd -1,94884,606.46,ucr,683.92,colmajor/uint16/ucr/Herring.dat,-1,10,16,0,f,132342,DoubleDelta,0,71.7,2024-08-01T18_40_54
Zstd -9,94773,63.73,ucr,460.34,colmajor/uint16/ucr/Herring.dat,-1,10,16,0,f,132342,DoubleDelta,0,71.61,2024-08-01T18_40_54
LZ4,132409,1003.67,ucr,1476.55,colmajor/uint16/ucr/Herring.dat,-1,10,16,0,f,132342,DoubleDelta,0,100.05,2024-08-01T18_40_54
LZO -1,132865,1532.94,ucr,1476.55,colmajor/uint16/ucr/Herring.dat,-1,10,16,0,f,132342,DoubleDelta,0,100.4,2024-08-01T18_40_54
LZO -9,132865,1532.06,ucr,593.46,colmajor/uint16/ucr/Herring.dat,-1,10,16,0,f,132342,DoubleDelta,0,100.4,2024-08-01T18_40_54
Huffman,94896,260.62,ucr,277.53,colmajor/uint16/ucr/Herring.dat,-1,10,16,0,f,132342,DoubleDelta,0,71.71,2024-08-01T18_40_54
Snappy,132355,1573.48,ucr,602.72,colmajor/uint16/ucr/Herring.dat,-1,10,16,0,f,132342,DoubleDelta,0,100.01,2024-08-01T18_40_54
Brotli -1,94955,249.16,ucr,72.61,colmajor/uint16/ucr/Herring.dat,-1,10,16,0,f,132342,DoubleDelta,0,71.75,2024-08-01T18_40_54
Brotli -9,95056,5.89,ucr,183.84,colmajor/uint16/ucr/Herring.dat,-1,10,16,0,f,132342,DoubleDelta,0,71.83,2024-08-01T18_40_54
Zlib -1,197090,48.28,ucr,285.66,colmajor/uint16/ucr/ShapeletSim.dat,-1,10,16,0,f,201990,DoubleDelta,0,97.57,2024-08-01T18_40_54
Zlib -9,195835,39.43,ucr,287.37,colmajor/uint16/ucr/ShapeletSim.dat,-1,10,16,0,f,201990,DoubleDelta,0,96.95,2024-08-01T18_40_54
Zstd -1,198086,366.78,ucr,783.41,colmajor/uint16/ucr/ShapeletSim.dat,-1,10,16,0,f,201990,DoubleDelta,0,98.07,2024-08-01T18_40_54
Zstd -9,195209,101.93,ucr,1365.46,colmajor/uint16/ucr/ShapeletSim.dat,-1,10,16,0,f,201990,DoubleDelta,0,96.64,2024-08-01T18_40_54
LZ4,198000,928.31,ucr,582.2,colmajor/uint16/ucr/ShapeletSim.dat,-1,10,16,0,f,201990,DoubleDelta,0,98.02,2024-08-01T18_40_54
LZO -1,201057,1050.05,ucr,579.6,colmajor/uint16/ucr/ShapeletSim.dat,-1,10,16,0,f,201990,DoubleDelta,0,99.54,2024-08-01T18_40_54
LZO -9,201057,1330.67,ucr,583.16,colmajor/uint16/ucr/ShapeletSim.dat,-1,10,16,0,f,201990,DoubleDelta,0,99.54,2024-08-01T18_40_54
Huffman,200353,649.26,ucr,351.76,colmajor/uint16/ucr/ShapeletSim.dat,-1,10,16,0,f,201990,DoubleDelta,0,99.19,2024-08-01T18_40_54
Snappy,199872,551.56,ucr,571.55,colmajor/uint16/ucr/ShapeletSim.dat,-1,10,16,0,f,201990,DoubleDelta,0,98.95,2024-08-01T18_40_54
Brotli -1,198458,373.1,ucr,334.28,colmajor/uint16/ucr/ShapeletSim.dat,-1,10,16,0,f,201990,DoubleDelta,0,98.25,2024-08-01T18_40_54
Brotli -9,195670,8.93,ucr,305.18,colmajor/uint16/ucr/ShapeletSim.dat,-1,10,16,0,f,201990,DoubleDelta,0,96.87,2024-08-01T18_40_54
Zlib -1,71810,50.04,ucr,248.76,colmajor/uint16/ucr/MiddlePhalanxTW.dat,-1,10,16,0,f,94000,DoubleDelta,0,76.39,2024-08-01T18_40_54
Zlib -9,70166,18.98,ucr,267.5,colmajor/uint16/ucr/MiddlePhalanxTW.dat,-1,10,16,0,f,94000,DoubleDelta,0,74.64,2024-08-01T18_40_54
Zstd -1,70244,344.91,ucr,641.93,colmajor/uint16/ucr/MiddlePhalanxTW.dat,-1,10,16,0,f,94000,DoubleDelta,0,74.73,2024-08-01T18_40_54
Zstd -9,69704,72.88,ucr,638.47,colmajor/uint16/ucr/MiddlePhalanxTW.dat,-1,10,16,0,f,94000,DoubleDelta,0,74.15,2024-08-01T18_40_54
LZ4,81298,659.7,ucr,1364.32,colmajor/uint16/ucr/MiddlePhalanxTW.dat,-1,10,16,0,f,94000,DoubleDelta,0,86.49,2024-08-01T18_40_54
LZO -1,81872,726.24,ucr,1330.82,colmajor/uint16/ucr/MiddlePhalanxTW.dat,-1,10,16,0,f,94000,DoubleDelta,0,87.1,2024-08-01T18_40_54
LZO -9,81872,719.89,ucr,509.88,colmajor/uint16/ucr/MiddlePhalanxTW.dat,-1,10,16,0,f,94000,DoubleDelta,0,87.1,2024-08-01T18_40_54
Huffman,74745,642.58,ucr,556.58,colmajor/uint16/ucr/MiddlePhalanxTW.dat,-1,10,16,0,f,94000,DoubleDelta,0,79.52,2024-08-01T18_40_54
Snappy,81609,770.87,ucr,1017.93,colmajor/uint16/ucr/MiddlePhalanxTW.dat,-1,10,16,0,f,94000,DoubleDelta,0,86.82,2024-08-01T18_40_54
Brotli -1,70797,193.96,ucr,79.51,colmajor/uint16/ucr/MiddlePhalanxTW.dat,-1,10,16,0,f,94000,DoubleDelta,0,75.32,2024-08-01T18_40_54
Brotli -9,69474,4.97,ucr,208.12,colmajor/uint16/ucr/MiddlePhalanxTW.dat,-1,10,16,0,f,94000,DoubleDelta,0,73.91,2024-08-01T18_40_54
Zlib -1,77007,51.44,ucr,255.07,colmajor/uint16/ucr/ProximalPhalanxTW.dat,-1,10,16,0,f,102840,DoubleDelta,0,74.88,2024-08-01T18_40_54
Zlib -9,75157,17.93,ucr,271.11,colmajor/uint16/ucr/ProximalPhalanxTW.dat,-1,10,16,0,f,102840,DoubleDelta,0,73.08,2024-08-01T18_40_54
Zstd -1,75080,350.65,ucr,516.72,colmajor/uint16/ucr/ProximalPhalanxTW.dat,-1,10,16,0,f,102840,DoubleDelta,0,73.01,2024-08-01T18_40_54
Zstd -9,74649,71.46,ucr,643.39,colmajor/uint16/ucr/ProximalPhalanxTW.dat,-1,10,16,0,f,102840,DoubleDelta,0,72.59,2024-08-01T18_40_54
LZ4,87436,658.24,ucr,1340.02,colmajor/uint16/ucr/ProximalPhalanxTW.dat,-1,10,16,0,f,102840,DoubleDelta,0,85.02,2024-08-01T18_40_54
LZO -1,87664,693.7,ucr,533.59,colmajor/uint16/ucr/ProximalPhalanxTW.dat,-1,10,16,0,f,102840,DoubleDelta,0,85.24,2024-08-01T18_40_54
LZO -9,87664,312.11,ucr,544.49,colmajor/uint16/ucr/ProximalPhalanxTW.dat,-1,10,16,0,f,102840,DoubleDelta,0,85.24,2024-08-01T18_40_54
Huffman,80317,289.96,ucr,227.97,colmajor/uint16/ucr/ProximalPhalanxTW.dat,-1,10,16,0,f,102840,DoubleDelta,0,78.1,2024-08-01T18_40_54
Snappy,87555,306.66,ucr,506.67,colmajor/uint16/ucr/ProximalPhalanxTW.dat,-1,10,16,0,f,102840,DoubleDelta,0,85.14,2024-08-01T18_40_54
Brotli -1,75854,198.31,ucr,111.01,colmajor/uint16/ucr/ProximalPhalanxTW.dat,-1,10,16,0,f,102840,DoubleDelta,0,73.76,2024-08-01T18_40_54
Brotli -9,74370,5.27,ucr,207.28,colmajor/uint16/ucr/ProximalPhalanxTW.dat,-1,10,16,0,f,102840,DoubleDelta,0,72.32,2024-08-01T18_40_54
Zlib -1,2770926,72.05,ucr,233.26,colmajor/uint16/ucr/CinC_ECG_torso.dat,-1,10,16,0,f,4668950,DoubleDelta,0,59.35,2024-08-01T18_40_54
Zlib -9,2743163,11.97,ucr,219.87,colmajor/uint16/ucr/CinC_ECG_torso.dat,-1,10,16,0,f,4668950,DoubleDelta,0,58.75,2024-08-01T18_40_54
Zstd -1,2914576,387.9,ucr,617.5,colmajor/uint16/ucr/CinC_ECG_torso.dat,-1,10,16,0,f,4668950,DoubleDelta,0,62.42,2024-08-01T18_40_54
Zstd -9,2604083,25.73,ucr,397.21,colmajor/uint16/ucr/CinC_ECG_torso.dat,-1,10,16,0,f,4668950,DoubleDelta,0,55.77,2024-08-01T18_40_54
LZ4,4119607,477.23,ucr,1023.96,colmajor/uint16/ucr/CinC_ECG_torso.dat,-1,10,16,0,f,4668950,DoubleDelta,0,88.23,2024-08-01T18_40_54
LZO -1,4150363,492.11,ucr,688.46,colmajor/uint16/ucr/CinC_ECG_torso.dat,-1,10,16,0,f,4668950,DoubleDelta,0,88.89,2024-08-01T18_40_54
LZO -9,4150363,492.03,ucr,687.31,colmajor/uint16/ucr/CinC_ECG_torso.dat,-1,10,16,0,f,4668950,DoubleDelta,0,88.89,2024-08-01T18_40_54
Huffman,2978148,664.19,ucr,710.23,colmajor/uint16/ucr/CinC_ECG_torso.dat,-1,10,16,0,f,4668950,DoubleDelta,0,63.79,2024-08-01T18_40_54
Snappy,4129060,432.64,ucr,834.71,colmajor/uint16/ucr/CinC_ECG_torso.dat,-1,10,16,0,f,4668950,DoubleDelta,0,88.44,2024-08-01T18_40_54
Brotli -1,2853809,174.94,ucr,184.63,colmajor/uint16/ucr/CinC_ECG_torso.dat,-1,10,16,0,f,4668950,DoubleDelta,0,61.12,2024-08-01T18_40_54
Brotli -9,2508378,6.32,ucr,230.74,colmajor/uint16/ucr/CinC_ECG_torso.dat,-1,10,16,0,f,4668950,DoubleDelta,0,53.72,2024-08-01T18_40_54
Zlib -1,33477,49.32,ucr,213.59,colmajor/uint16/ucr/BeetleFly.dat,-1,10,16,0,f,41350,DoubleDelta,0,80.96,2024-08-01T18_40_54
Zlib -9,32998,31.31,ucr,224.9,colmajor/uint16/ucr/BeetleFly.dat,-1,10,16,0,f,41350,DoubleDelta,0,79.8,2024-08-01T18_40_54
Zstd -1,32426,574.43,ucr,219.49,colmajor/uint16/ucr/BeetleFly.dat,-1,10,16,0,f,41350,DoubleDelta,0,78.42,2024-08-01T18_40_54
Zstd -9,32468,33.48,ucr,158.39,colmajor/uint16/ucr/BeetleFly.dat,-1,10,16,0,f,41350,DoubleDelta,0,78.52,2024-08-01T18_40_54
LZ4,40920,278.49,ucr,553.7,colmajor/uint16/ucr/BeetleFly.dat,-1,10,16,0,f,41350,DoubleDelta,0,98.96,2024-08-01T18_40_54
LZO -1,41517,1238.99,ucr,591.8,colmajor/uint16/ucr/BeetleFly.dat,-1,10,16,0,f,41350,DoubleDelta,0,100.4,2024-08-01T18_40_54
LZO -9,41517,1208.92,ucr,597.28,colmajor/uint16/ucr/BeetleFly.dat,-1,10,16,0,f,41350,DoubleDelta,0,100.4,2024-08-01T18_40_54
Huffman,32414,277.31,ucr,220.45,colmajor/uint16/ucr/BeetleFly.dat,-1,10,16,0,f,41350,DoubleDelta,0,78.39,2024-08-01T18_40_54
Snappy,41356,629.44,ucr,607.56,colmajor/uint16/ucr/BeetleFly.dat,-1,10,16,0,f,41350,DoubleDelta,0,100.01,2024-08-01T18_40_54
Brotli -1,32439,213.72,ucr,72.31,colmajor/uint16/ucr/BeetleFly.dat,-1,10,16,0,f,41350,DoubleDelta,0,78.45,2024-08-01T18_40_54
Brotli -9,32546,2.59,ucr,184.61,colmajor/uint16/ucr/BeetleFly.dat,-1,10,16,0,f,41350,DoubleDelta,0,78.71,2024-08-01T18_40_54
Zlib -1,3917181,79.6,ucr,246.29,colmajor/uint16/ucr/HandOutlines.dat,-1,10,16,0,f,7436350,DoubleDelta,0,52.68,2024-08-01T18_40_54
Zlib -9,3774189,5.09,ucr,233.33,colmajor/uint16/ucr/HandOutlines.dat,-1,10,16,0,f,7436350,DoubleDelta,0,50.75,2024-08-01T18_40_54
Zstd -1,3950797,279.93,ucr,540.21,colmajor/uint16/ucr/HandOutlines.dat,-1,10,16,0,f,7436350,DoubleDelta,0,53.13,2024-08-01T18_40_54
Zstd -9,3527607,24.22,ucr,422.38,colmajor/uint16/ucr/HandOutlines.dat,-1,10,16,0,f,7436350,DoubleDelta,0,47.44,2024-08-01T18_40_54
LZ4,5843761,390.95,ucr,889.26,colmajor/uint16/ucr/HandOutlines.dat,-1,10,16,0,f,7436350,DoubleDelta,0,78.58,2024-08-01T18_40_54
LZO -1,5443170,292.88,ucr,409.17,colmajor/uint16/ucr/HandOutlines.dat,-1,10,16,0,f,7436350,DoubleDelta,0,73.2,2024-08-01T18_40_54
LZO -9,5443170,293.08,ucr,410.86,colmajor/uint16/ucr/HandOutlines.dat,-1,10,16,0,f,7436350,DoubleDelta,0,73.2,2024-08-01T18_40_54
Huffman,4220928,656.4,ucr,723.05,colmajor/uint16/ucr/HandOutlines.dat,-1,10,16,0,f,7436350,DoubleDelta,0,56.76,2024-08-01T18_40_54
Snappy,5538835,267.95,ucr,593.6,colmajor/uint16/ucr/HandOutlines.dat,-1,10,16,0,f,7436350,DoubleDelta,0,74.48,2024-08-01T18_40_54
Brotli -1,3922098,158.53,ucr,198.69,colmajor/uint16/ucr/HandOutlines.dat,-1,10,16,0,f,7436350,DoubleDelta,0,52.74,2024-08-01T18_40_54
Brotli -9,3366191,6.71,ucr,280.03,colmajor/uint16/ucr/HandOutlines.dat,-1,10,16,0,f,7436350,DoubleDelta,0,45.27,2024-08-01T18_40_54
Zlib -1,3772458,43.79,ucr,211.87,colmajor/uint16/ucr/FordB.dat,-1,10,16,0,f,4490450,DoubleDelta,0,84.01,2024-08-01T18_40_54
Zlib -9,3762726,28.97,ucr,216.95,colmajor/uint16/ucr/FordB.dat,-1,10,16,0,f,4490450,DoubleDelta,0,83.79,2024-08-01T18_40_54
Zstd -1,3747381,466.93,ucr,508.19,colmajor/uint16/ucr/FordB.dat,-1,10,16,0,f,4490450,DoubleDelta,0,83.45,2024-08-01T18_40_54
Zstd -9,3680792,36.8,ucr,430.18,colmajor/uint16/ucr/FordB.dat,-1,10,16,0,f,4490450,DoubleDelta,0,81.97,2024-08-01T18_40_54
LZ4,4500700,1041.98,ucr,1387.8,colmajor/uint16/ucr/FordB.dat,-1,10,16,0,f,4490450,DoubleDelta,0,100.23,2024-08-01T18_40_54
LZO -1,4508010,1467.3,ucr,1326.19,colmajor/uint16/ucr/FordB.dat,-1,10,16,0,f,4490450,DoubleDelta,0,100.39,2024-08-01T18_40_54
LZO -9,4508010,1462.3,ucr,1321.42,colmajor/uint16/ucr/FordB.dat,-1,10,16,0,f,4490450,DoubleDelta,0,100.39,2024-08-01T18_40_54
Huffman,3748637,657.91,ucr,517.91,colmajor/uint16/ucr/FordB.dat,-1,10,16,0,f,4490450,DoubleDelta,0,83.48,2024-08-01T18_40_54
Snappy,4490655,1508.04,ucr,1392.36,colmajor/uint16/ucr/FordB.dat,-1,10,16,0,f,4490450,DoubleDelta,0,100.0,2024-08-01T18_40_54
Brotli -1,3749800,259.77,ucr,180.8,colmajor/uint16/ucr/FordB.dat,-1,10,16,0,f,4490450,DoubleDelta,0,83.51,2024-08-01T18_40_54
Brotli -9,3685912,4.39,ucr,182.64,colmajor/uint16/ucr/FordB.dat,-1,10,16,0,f,4490450,DoubleDelta,0,82.08,2024-08-01T18_40_54
Zlib -1,1332471,101.02,ucr,317.0,colmajor/uint16/ucr/ElectricDevices.dat,-1,10,16,0,f,3360664,DoubleDelta,0,39.65,2024-08-01T18_40_54
Zlib -9,1245853,7.39,ucr,347.29,colmajor/uint16/ucr/ElectricDevices.dat,-1,10,16,0,f,3360664,DoubleDelta,0,37.07,2024-08-01T18_40_54
Zstd -1,1335514,390.84,ucr,593.74,colmajor/uint16/ucr/ElectricDevices.dat,-1,10,16,0,f,3360664,DoubleDelta,0,39.74,2024-08-01T18_40_54
Zstd -9,1251201,70.33,ucr,640.03,colmajor/uint16/ucr/ElectricDevices.dat,-1,10,16,0,f,3360664,DoubleDelta,0,37.23,2024-08-01T18_40_54
LZ4,1522829,565.4,ucr,963.5,colmajor/uint16/ucr/ElectricDevices.dat,-1,10,16,0,f,3360664,DoubleDelta,0,45.31,2024-08-01T18_40_54
LZO -1,1526935,540.21,ucr,640.43,colmajor/uint16/ucr/ElectricDevices.dat,-1,10,16,0,f,3360664,DoubleDelta,0,45.44,2024-08-01T18_40_54
LZO -9,1526935,542.51,ucr,650.7,colmajor/uint16/ucr/ElectricDevices.dat,-1,10,16,0,f,3360664,DoubleDelta,0,45.44,2024-08-01T18_40_54
Huffman,1906661,627.36,ucr,575.47,colmajor/uint16/ucr/ElectricDevices.dat,-1,10,16,0,f,3360664,DoubleDelta,0,56.73,2024-08-01T18_40_54
Snappy,1518506,532.96,ucr,858.41,colmajor/uint16/ucr/ElectricDevices.dat,-1,10,16,0,f,3360664,DoubleDelta,0,45.18,2024-08-01T18_40_54
Brotli -1,1347228,259.3,ucr,254.39,colmajor/uint16/ucr/ElectricDevices.dat,-1,10,16,0,f,3360664,DoubleDelta,0,40.09,2024-08-01T18_40_54
Brotli -9,1221489,13.82,ucr,295.86,colmajor/uint16/ucr/ElectricDevices.dat,-1,10,16,0,f,3360664,DoubleDelta,0,36.35,2024-08-01T18_40_54
Zlib -1,69414,52.04,ucr,199.23,colmajor/uint16/ucr/SonyAIBORobotSurface.dat,-1,10,16,0,f,93140,DoubleDelta,0,74.53,2024-08-01T18_40_54
Zlib -9,67631,9.92,ucr,211.49,colmajor/uint16/ucr/SonyAIBORobotSurface.dat,-1,10,16,0,f,93140,DoubleDelta,0,72.61,2024-08-01T18_40_54
Zstd -1,73971,289.81,ucr,518.34,colmajor/uint16/ucr/SonyAIBORobotSurface.dat,-1,10,16,0,f,93140,DoubleDelta,0,79.42,2024-08-01T18_40_54
Zstd -9,67690,50.4,ucr,441.43,colmajor/uint16/ucr/SonyAIBORobotSurface.dat,-1,10,16,0,f,93140,DoubleDelta,0,72.68,2024-08-01T18_40_54
LZ4,86234,492.9,ucr,499.57,colmajor/uint16/ucr/SonyAIBORobotSurface.dat,-1,10,16,0,f,93140,DoubleDelta,0,92.59,2024-08-01T18_40_54
LZO -1,81639,157.8,ucr,261.98,colmajor/uint16/ucr/SonyAIBORobotSurface.dat,-1,10,16,0,f,93140,DoubleDelta,0,87.65,2024-08-01T18_40_54
LZO -9,81639,156.93,ucr,261.87,colmajor/uint16/ucr/SonyAIBORobotSurface.dat,-1,10,16,0,f,93140,DoubleDelta,0,87.65,2024-08-01T18_40_54
Huffman,77083,266.87,ucr,232.31,colmajor/uint16/ucr/SonyAIBORobotSurface.dat,-1,10,16,0,f,93140,DoubleDelta,0,82.76,2024-08-01T18_40_54
Snappy,82435,335.49,ucr,387.08,colmajor/uint16/ucr/SonyAIBORobotSurface.dat,-1,10,16,0,f,93140,DoubleDelta,0,88.51,2024-08-01T18_40_54
Brotli -1,75974,166.87,ucr,92.72,colmajor/uint16/ucr/SonyAIBORobotSurface.dat,-1,10,16,0,f,93140,DoubleDelta,0,81.57,2024-08-01T18_40_54
Brotli -9,67602,4.61,ucr,142.65,colmajor/uint16/ucr/SonyAIBORobotSurface.dat,-1,10,16,0,f,93140,DoubleDelta,0,72.58,2024-08-01T18_40_54
Zlib -1,84577,281.98,ucr,490.39,colmajor/uint16/ucr/Computers.dat,-1,10,16,0,f,724990,DoubleDelta,0,11.67,2024-08-01T18_40_54
Zlib -9,67941,15.18,ucr,457.39,colmajor/uint16/ucr/Computers.dat,-1,10,16,0,f,724990,DoubleDelta,0,9.37,2024-08-01T18_40_54
Zstd -1,80717,545.63,ucr,734.38,colmajor/uint16/ucr/Computers.dat,-1,10,16,0,f,724990,DoubleDelta,0,11.13,2024-08-01T18_40_54
Zstd -9,70179,154.21,ucr,840.48,colmajor/uint16/ucr/Computers.dat,-1,10,16,0,f,724990,DoubleDelta,0,9.68,2024-08-01T18_40_54
LZ4,118762,759.68,ucr,1031.15,colmajor/uint16/ucr/Computers.dat,-1,10,16,0,f,724990,DoubleDelta,0,16.38,2024-08-01T18_40_54
LZO -1,113214,798.06,ucr,776.71,colmajor/uint16/ucr/Computers.dat,-1,10,16,0,f,724990,DoubleDelta,0,15.62,2024-08-01T18_40_54
LZO -9,113214,807.07,ucr,774.92,colmajor/uint16/ucr/Computers.dat,-1,10,16,0,f,724990,DoubleDelta,0,15.62,2024-08-01T18_40_54
Huffman,322991,635.93,ucr,615.37,colmajor/uint16/ucr/Computers.dat,-1,10,16,0,f,724990,DoubleDelta,0,44.55,2024-08-01T18_40_54
Snappy,120888,718.8,ucr,888.15,colmajor/uint16/ucr/Computers.dat,-1,10,16,0,f,724990,DoubleDelta,0,16.67,2024-08-01T18_40_54
Brotli -1,82312,482.49,ucr,427.35,colmajor/uint16/ucr/Computers.dat,-1,10,16,0,f,724990,DoubleDelta,0,11.35,2024-08-01T18_40_54
Brotli -9,64649,23.91,ucr,542.29,colmajor/uint16/ucr/Computers.dat,-1,10,16,0,f,724990,DoubleDelta,0,8.92,2024-08-01T18_40_54
Zlib -1,36639,50.16,ucr,245.61,colmajor/uint16/ucr/ECG200.dat,-1,10,16,0,f,40390,DoubleDelta,0,90.71,2024-08-01T18_40_54
Zlib -9,36211,42.16,ucr,250.57,colmajor/uint16/ucr/ECG200.dat,-1,10,16,0,f,40390,DoubleDelta,0,89.65,2024-08-01T18_40_54
Zstd -1,36244,268.6,ucr,335.98,colmajor/uint16/ucr/ECG200.dat,-1,10,16,0,f,40390,DoubleDelta,0,89.74,2024-08-01T18_40_54
Zstd -9,36052,47.72,ucr,333.86,colmajor/uint16/ucr/ECG200.dat,-1,10,16,0,f,40390,DoubleDelta,0,89.26,2024-08-01T18_40_54
LZ4,39862,549.55,ucr,544.05,colmajor/uint16/ucr/ECG200.dat,-1,10,16,0,f,40390,DoubleDelta,0,98.69,2024-08-01T18_40_54
LZO -1,40001,315.42,ucr,561.48,colmajor/uint16/ucr/ECG200.dat,-1,10,16,0,f,40390,DoubleDelta,0,99.04,2024-08-01T18_40_54
LZO -9,40001,315.72,ucr,562.65,colmajor/uint16/ucr/ECG200.dat,-1,10,16,0,f,40390,DoubleDelta,0,99.04,2024-08-01T18_40_54
Huffman,36569,238.59,ucr,246.86,colmajor/uint16/ucr/ECG200.dat,-1,10,16,0,f,40390,DoubleDelta,0,90.54,2024-08-01T18_40_54
Snappy,40043,878.69,ucr,553.61,colmajor/uint16/ucr/ECG200.dat,-1,10,16,0,f,40390,DoubleDelta,0,99.14,2024-08-01T18_40_54
Brotli -1,36437,97.32,ucr,69.82,colmajor/uint16/ucr/ECG200.dat,-1,10,16,0,f,40390,DoubleDelta,0,90.21,2024-08-01T18_40_54
Brotli -9,35975,2.54,ucr,177.5,colmajor/uint16/ucr/ECG200.dat,-1,10,16,0,f,40390,DoubleDelta,0,89.07,2024-08-01T18_40_54
Zlib -1,38461,59.47,ucr,216.45,colmajor/uint16/ucr/Wine.dat,-1,10,16,0,f,53048,DoubleDelta,0,72.5,2024-08-01T18_40_54
Zlib -9,37821,22.97,ucr,217.7,colmajor/uint16/ucr/Wine.dat,-1,10,16,0,f,53048,DoubleDelta,0,71.3,2024-08-01T18_40_54
Zstd -1,38395,368.06,ucr,243.51,colmajor/uint16/ucr/Wine.dat,-1,10,16,0,f,53048,DoubleDelta,0,72.38,2024-08-01T18_40_54
Zstd -9,36845,33.69,ucr,250.54,colmajor/uint16/ucr/Wine.dat,-1,10,16,0,f,53048,DoubleDelta,0,69.46,2024-08-01T18_40_54
LZ4,48093,289.11,ucr,641.88,colmajor/uint16/ucr/Wine.dat,-1,10,16,0,f,53048,DoubleDelta,0,90.66,2024-08-01T18_40_54
LZO -1,50042,437.08,ucr,430.23,colmajor/uint16/ucr/Wine.dat,-1,10,16,0,f,53048,DoubleDelta,0,94.33,2024-08-01T18_40_54
LZO -9,50042,547.55,ucr,1014.34,colmajor/uint16/ucr/Wine.dat,-1,10,16,0,f,53048,DoubleDelta,0,94.33,2024-08-01T18_40_54
Huffman,38561,630.65,ucr,259.5,colmajor/uint16/ucr/Wine.dat,-1,10,16,0,f,53048,DoubleDelta,0,72.69,2024-08-01T18_40_54
Snappy,49643,507.36,ucr,415.34,colmajor/uint16/ucr/Wine.dat,-1,10,16,0,f,53048,DoubleDelta,0,93.58,2024-08-01T18_40_54
Brotli -1,38621,98.9,ucr,72.26,colmajor/uint16/ucr/Wine.dat,-1,10,16,0,f,53048,DoubleDelta,0,72.8,2024-08-01T18_40_54
Brotli -9,36330,3.13,ucr,173.21,colmajor/uint16/ucr/Wine.dat,-1,10,16,0,f,53048,DoubleDelta,0,68.49,2024-08-01T18_40_54
Zlib -1,4051118,63.43,ucr,202.29,colmajor/uint16/ucr/NonInvasiveFatalECG_Thorax1.dat,-1,10,16,0,f,5685140,DoubleDelta,0,71.26,2024-08-01T18_40_54
Zlib -9,4027872,19.73,ucr,216.49,colmajor/uint16/ucr/NonInvasiveFatalECG_Thorax1.dat,-1,10,16,0,f,5685140,DoubleDelta,0,70.85,2024-08-01T18_40_54
Zstd -1,3931464,545.99,ucr,694.66,colmajor/uint16/ucr/NonInvasiveFatalECG_Thorax1.dat,-1,10,16,0,f,5685140,DoubleDelta,0,69.15,2024-08-01T18_40_54
Zstd -9,3671953,31.32,ucr,378.65,colmajor/uint16/ucr/NonInvasiveFatalECG_Thorax1.dat,-1,10,16,0,f,5685140,DoubleDelta,0,64.59,2024-08-01T18_40_54
LZ4,5690141,981.95,ucr,1393.45,colmajor/uint16/ucr/NonInvasiveFatalECG_Thorax1.dat,-1,10,16,0,f,5685140,DoubleDelta,0,100.09,2024-08-01T18_40_54
LZO -1,5706991,1472.96,ucr,1390.28,colmajor/uint16/ucr/NonInvasiveFatalECG_Thorax1.dat,-1,10,16,0,f,5685140,DoubleDelta,0,100.38,2024-08-01T18_40_54
LZO -9,5706991,1470.65,ucr,1384.51,colmajor/uint16/ucr/NonInvasiveFatalECG_Thorax1.dat,-1,10,16,0,f,5685140,DoubleDelta,0,100.38,2024-08-01T18_40_54
Huffman,3928867,666.08,ucr,722.77,colmajor/uint16/ucr/NonInvasiveFatalECG_Thorax1.dat,-1,10,16,0,f,5685140,DoubleDelta,0,69.11,2024-08-01T18_40_54
Snappy,5684523,1507.96,ucr,1356.61,colmajor/uint16/ucr/NonInvasiveFatalECG_Thorax1.dat,-1,10,16,0,f,5685140,DoubleDelta,0,99.99,2024-08-01T18_40_54
Brotli -1,3935544,256.62,ucr,186.41,colmajor/uint16/ucr/NonInvasiveFatalECG_Thorax1.dat,-1,10,16,0,f,5685140,DoubleDelta,0,69.23,2024-08-01T18_40_54
Brotli -9,3676323,5.34,ucr,201.09,colmajor/uint16/ucr/NonInvasiveFatalECG_Thorax1.dat,-1,10,16,0,f,5685140,DoubleDelta,0,64.67,2024-08-01T18_40_54
Zlib -1,255204,42.58,ucr,209.85,colmajor/uint16/ucr/SwedishLeaf.dat,-1,10,16,0,f,299240,DoubleDelta,0,85.28,2024-08-01T18_40_54
Zlib -9,250629,28.09,ucr,222.77,colmajor/uint16/ucr/SwedishLeaf.dat,-1,10,16,0,f,299240,DoubleDelta,0,83.76,2024-08-01T18_40_54
Zstd -1,247554,305.47,ucr,544.23,colmajor/uint16/ucr/SwedishLeaf.dat,-1,10,16,0,f,299240,DoubleDelta,0,82.73,2024-08-01T18_40_54
Zstd -9,246819,71.09,ucr,541.33,colmajor/uint16/ucr/SwedishLeaf.dat,-1,10,16,0,f,299240,DoubleDelta,0,82.48,2024-08-01T18_40_54
LZ4,295753,750.28,ucr,813.88,colmajor/uint16/ucr/SwedishLeaf.dat,-1,10,16,0,f,299240,DoubleDelta,0,98.83,2024-08-01T18_40_54
LZO -1,299603,632.97,ucr,563.66,colmajor/uint16/ucr/SwedishLeaf.dat,-1,10,16,0,f,299240,DoubleDelta,0,100.12,2024-08-01T18_40_54
LZO -9,299603,502.77,ucr,651.54,colmajor/uint16/ucr/SwedishLeaf.dat,-1,10,16,0,f,299240,DoubleDelta,0,100.12,2024-08-01T18_40_54
Huffman,248454,278.05,ucr,228.67,colmajor/uint16/ucr/SwedishLeaf.dat,-1,10,16,0,f,299240,DoubleDelta,0,83.03,2024-08-01T18_40_54
Snappy,299553,415.85,ucr,576.63,colmajor/uint16/ucr/SwedishLeaf.dat,-1,10,16,0,f,299240,DoubleDelta,0,100.1,2024-08-01T18_40_54
Brotli -1,247970,234.29,ucr,173.66,colmajor/uint16/ucr/SwedishLeaf.dat,-1,10,16,0,f,299240,DoubleDelta,0,82.87,2024-08-01T18_40_54
Brotli -9,247000,9.07,ucr,176.36,colmajor/uint16/ucr/SwedishLeaf.dat,-1,10,16,0,f,299240,DoubleDelta,0,82.54,2024-08-01T18_40_54
Zlib -1,1861877,55.52,ucr,205.35,colmajor/uint16/ucr/InlineSkate.dat,-1,10,16,0,f,2453090,DoubleDelta,0,75.9,2024-08-01T18_40_54
Zlib -9,1848433,25.56,ucr,204.14,colmajor/uint16/ucr/InlineSkate.dat,-1,10,16,0,f,2453090,DoubleDelta,0,75.35,2024-08-01T18_40_54
Zstd -1,1809755,609.77,ucr,642.85,colmajor/uint16/ucr/InlineSkate.dat,-1,10,16,0,f,2453090,DoubleDelta,0,73.77,2024-08-01T18_40_54
Zstd -9,1664602,38.16,ucr,444.02,colmajor/uint16/ucr/InlineSkate.dat,-1,10,16,0,f,2453090,DoubleDelta,0,67.86,2024-08-01T18_40_54
LZ4,2450630,1272.84,ucr,1421.14,colmajor/uint16/ucr/InlineSkate.dat,-1,10,16,0,f,2453090,DoubleDelta,0,99.9,2024-08-01T18_40_54
LZO -1,2462706,1501.7,ucr,1375.77,colmajor/uint16/ucr/InlineSkate.dat,-1,10,16,0,f,2453090,DoubleDelta,0,100.39,2024-08-01T18_40_54
LZO -9,2462706,1505.13,ucr,1411.94,colmajor/uint16/ucr/InlineSkate.dat,-1,10,16,0,f,2453090,DoubleDelta,0,100.39,2024-08-01T18_40_54
Huffman,1818996,670.81,ucr,660.87,colmajor/uint16/ucr/InlineSkate.dat,-1,10,16,0,f,2453090,DoubleDelta,0,74.15,2024-08-01T18_40_54
Snappy,2453205,1548.88,ucr,1431.95,colmajor/uint16/ucr/InlineSkate.dat,-1,10,16,0,f,2453090,DoubleDelta,0,100.0,2024-08-01T18_40_54
Brotli -1,1798177,288.43,ucr,190.13,colmajor/uint16/ucr/InlineSkate.dat,-1,10,16,0,f,2453090,DoubleDelta,0,73.3,2024-08-01T18_40_54
Brotli -9,1665047,7.35,ucr,191.93,colmajor/uint16/ucr/InlineSkate.dat,-1,10,16,0,f,2453090,DoubleDelta,0,67.88,2024-08-01T18_40_54
Zlib -1,89773,62.33,ucr,206.57,colmajor/uint16/ucr/Car.dat,-1,10,16,0,f,139670,DoubleDelta,0,64.28,2024-08-01T18_40_54
Zlib -9,84331,5.81,ucr,210.2,colmajor/uint16/ucr/Car.dat,-1,10,16,0,f,139670,DoubleDelta,0,60.38,2024-08-01T18_40_54
Zstd -1,83820,230.2,ucr,504.04,colmajor/uint16/ucr/Car.dat,-1,10,16,0,f,139670,DoubleDelta,0,60.01,2024-08-01T18_40_54
Zstd -9,82196,33.9,ucr,464.41,colmajor/uint16/ucr/Car.dat,-1,10,16,0,f,139670,DoubleDelta,0,58.85,2024-08-01T18_40_54
LZ4,117892,448.74,ucr,417.35,colmajor/uint16/ucr/Car.dat,-1,10,16,0,f,139670,DoubleDelta,0,84.41,2024-08-01T18_40_54
LZO -1,115604,143.15,ucr,213.42,colmajor/uint16/ucr/Car.dat,-1,10,16,0,f,139670,DoubleDelta,0,82.77,2024-08-01T18_40_54
LZO -9,115604,142.87,ucr,219.36,colmajor/uint16/ucr/Car.dat,-1,10,16,0,f,139670,DoubleDelta,0,82.77,2024-08-01T18_40_54
Huffman,86026,494.14,ucr,262.68,colmajor/uint16/ucr/Car.dat,-1,10,16,0,f,139670,DoubleDelta,0,61.59,2024-08-01T18_40_54
Snappy,114730,276.59,ucr,425.67,colmajor/uint16/ucr/Car.dat,-1,10,16,0,f,139670,DoubleDelta,0,82.14,2024-08-01T18_40_54
Brotli -1,84642,105.01,ucr,101.01,colmajor/uint16/ucr/Car.dat,-1,10,16,0,f,139670,DoubleDelta,0,60.6,2024-08-01T18_40_54
Brotli -9,81390,5.87,ucr,208.92,colmajor/uint16/ucr/Car.dat,-1,10,16,0,f,139670,DoubleDelta,0,58.27,2024-08-01T18_40_54
Zlib -1,1979473,56.32,ucr,199.73,colmajor/uint16/ucr/yoga.dat,-1,10,16,0,f,2844590,DoubleDelta,0,69.59,2024-08-01T18_40_54
Zlib -9,1904941,10.27,ucr,197.29,colmajor/uint16/ucr/yoga.dat,-1,10,16,0,f,2844590,DoubleDelta,0,66.97,2024-08-01T18_40_54
Zstd -1,1890106,288.53,ucr,543.4,colmajor/uint16/ucr/yoga.dat,-1,10,16,0,f,2844590,DoubleDelta,0,66.45,2024-08-01T18_40_54
Zstd -9,1819770,27.83,ucr,448.01,colmajor/uint16/ucr/yoga.dat,-1,10,16,0,f,2844590,DoubleDelta,0,63.97,2024-08-01T18_40_54
LZ4,2599786,478.24,ucr,1001.7,colmajor/uint16/ucr/yoga.dat,-1,10,16,0,f,2844590,DoubleDelta,0,91.39,2024-08-01T18_40_54
LZO -1,2581410,367.75,ucr,563.3,colmajor/uint16/ucr/yoga.dat,-1,10,16,0,f,2844590,DoubleDelta,0,90.75,2024-08-01T18_40_54
LZO -9,2581410,368.01,ucr,566.32,colmajor/uint16/ucr/yoga.dat,-1,10,16,0,f,2844590,DoubleDelta,0,90.75,2024-08-01T18_40_54
Huffman,1918283,652.57,ucr,658.41,colmajor/uint16/ucr/yoga.dat,-1,10,16,0,f,2844590,DoubleDelta,0,67.44,2024-08-01T18_40_54
Snappy,2552383,379.65,ucr,779.37,colmajor/uint16/ucr/yoga.dat,-1,10,16,0,f,2844590,DoubleDelta,0,89.73,2024-08-01T18_40_54
Brotli -1,1896303,171.4,ucr,176.22,colmajor/uint16/ucr/yoga.dat,-1,10,16,0,f,2844590,DoubleDelta,0,66.66,2024-08-01T18_40_54
Brotli -9,1802575,7.02,ucr,203.73,colmajor/uint16/ucr/yoga.dat,-1,10,16,0,f,2844590,DoubleDelta,0,63.37,2024-08-01T18_40_54
Zlib -1,110093,56.06,ucr,246.14,colmajor/uint16/ucr/Lighting2.dat,-1,10,16,0,f,155354,DoubleDelta,0,70.87,2024-08-01T18_40_54
Zlib -9,108435,20.83,ucr,248.97,colmajor/uint16/ucr/Lighting2.dat,-1,10,16,0,f,155354,DoubleDelta,0,69.8,2024-08-01T18_40_54
Zstd -1,106216,389.45,ucr,634.12,colmajor/uint16/ucr/Lighting2.dat,-1,10,16,0,f,155354,DoubleDelta,0,68.37,2024-08-01T18_40_54
Zstd -9,106259,93.66,ucr,585.51,colmajor/uint16/ucr/Lighting2.dat,-1,10,16,0,f,155354,DoubleDelta,0,68.4,2024-08-01T18_40_54
LZ4,130611,1000.98,ucr,578.44,colmajor/uint16/ucr/Lighting2.dat,-1,10,16,0,f,155354,DoubleDelta,0,84.07,2024-08-01T18_40_54
LZO -1,132379,515.04,ucr,556.83,colmajor/uint16/ucr/Lighting2.dat,-1,10,16,0,f,155354,DoubleDelta,0,85.21,2024-08-01T18_40_54
LZO -9,132379,468.55,ucr,554.74,colmajor/uint16/ucr/Lighting2.dat,-1,10,16,0,f,155354,DoubleDelta,0,85.21,2024-08-01T18_40_54
Huffman,112879,249.12,ucr,244.23,colmajor/uint16/ucr/Lighting2.dat,-1,10,16,0,f,155354,DoubleDelta,0,72.66,2024-08-01T18_40_54
Snappy,132845,991.45,ucr,1103.95,colmajor/uint16/ucr/Lighting2.dat,-1,10,16,0,f,155354,DoubleDelta,0,85.51,2024-08-01T18_40_54
Brotli -1,106260,238.61,ucr,114.38,colmajor/uint16/ucr/Lighting2.dat,-1,10,16,0,f,155354,DoubleDelta,0,68.4,2024-08-01T18_40_54
Brotli -9,106238,7.21,ucr,204.02,colmajor/uint16/ucr/Lighting2.dat,-1,10,16,0,f,155354,DoubleDelta,0,68.38,2024-08-01T18_40_54
Zlib -1,857876,54.83,ucr,210.91,colmajor/uint16/ucr/InsectWingbeatSound.dat,-1,10,16,0,f,1148390,DoubleDelta,0,74.7,2024-08-01T18_40_54
Zlib -9,841368,16.18,ucr,212.48,colmajor/uint16/ucr/InsectWingbeatSound.dat,-1,10,16,0,f,1148390,DoubleDelta,0,73.27,2024-08-01T18_40_54
Zstd -1,826233,326.72,ucr,590.53,colmajor/uint16/ucr/InsectWingbeatSound.dat,-1,10,16,0,f,1148390,DoubleDelta,0,71.95,2024-08-01T18_40_54
Zstd -9,791956,33.07,ucr,449.87,colmajor/uint16/ucr/InsectWingbeatSound.dat,-1,10,16,0,f,1148390,DoubleDelta,0,68.96,2024-08-01T18_40_54
LZ4,1099089,630.93,ucr,1242.04,colmajor/uint16/ucr/InsectWingbeatSound.dat,-1,10,16,0,f,1148390,DoubleDelta,0,95.71,2024-08-01T18_40_54
LZO -1,1101632,627.95,ucr,911.48,colmajor/uint16/ucr/InsectWingbeatSound.dat,-1,10,16,0,f,1148390,DoubleDelta,0,95.93,2024-08-01T18_40_54
LZO -9,1101632,627.3,ucr,909.74,colmajor/uint16/ucr/InsectWingbeatSound.dat,-1,10,16,0,f,1148390,DoubleDelta,0,95.93,2024-08-01T18_40_54
Huffman,827413,664.18,ucr,651.17,colmajor/uint16/ucr/InsectWingbeatSound.dat,-1,10,16,0,f,1148390,DoubleDelta,0,72.05,2024-08-01T18_40_54
Snappy,1088519,566.42,ucr,996.22,colmajor/uint16/ucr/InsectWingbeatSound.dat,-1,10,16,0,f,1148390,DoubleDelta,0,94.79,2024-08-01T18_40_54
Brotli -1,826031,197.56,ucr,178.52,colmajor/uint16/ucr/InsectWingbeatSound.dat,-1,10,16,0,f,1148390,DoubleDelta,0,71.93,2024-08-01T18_40_54
Brotli -9,784533,9.5,ucr,201.83,colmajor/uint16/ucr/InsectWingbeatSound.dat,-1,10,16,0,f,1148390,DoubleDelta,0,68.32,2024-08-01T18_40_54
Zlib -1,345452,61.99,ucr,218.76,colmajor/uint16/ucr/50words.dat,-1,10,16,0,f,497740,DoubleDelta,0,69.4,2024-08-01T18_40_54
Zlib -9,339851,17.63,ucr,214.94,colmajor/uint16/ucr/50words.dat,-1,10,16,0,f,497740,DoubleDelta,0,68.28,2024-08-01T18_40_54
Zstd -1,346324,339.26,ucr,663.63,colmajor/uint16/ucr/50words.dat,-1,10,16,0,f,497740,DoubleDelta,0,69.58,2024-08-01T18_40_54
Zstd -9,316299,36.86,ucr,427.8,colmajor/uint16/ucr/50words.dat,-1,10,16,0,f,497740,DoubleDelta,0,63.55,2024-08-01T18_40_54
LZ4,477885,607.13,ucr,1201.41,colmajor/uint16/ucr/50words.dat,-1,10,16,0,f,497740,DoubleDelta,0,96.01,2024-08-01T18_40_54
LZO -1,487312,785.93,ucr,1031.7,colmajor/uint16/ucr/50words.dat,-1,10,16,0,f,497740,DoubleDelta,0,97.9,2024-08-01T18_40_54
LZO -9,487312,786.9,ucr,579.01,colmajor/uint16/ucr/50words.dat,-1,10,16,0,f,497740,DoubleDelta,0,97.9,2024-08-01T18_40_54
Huffman,347220,522.02,ucr,394.35,colmajor/uint16/ucr/50words.dat,-1,10,16,0,f,497740,DoubleDelta,0,69.76,2024-08-01T18_40_54
Snappy,482767,558.8,ucr,633.67,colmajor/uint16/ucr/50words.dat,-1,10,16,0,f,497740,DoubleDelta,0,96.99,2024-08-01T18_40_54
Brotli -1,343132,203.35,ucr,181.92,colmajor/uint16/ucr/50words.dat,-1,10,16,0,f,497740,DoubleDelta,0,68.94,2024-08-01T18_40_54
Brotli -9,312053,9.55,ucr,142.47,colmajor/uint16/ucr/50words.dat,-1,10,16,0,f,497740,DoubleDelta,0,62.69,2024-08-01T18_40_54
Zlib -1,965370,62.9,ucr,289.82,colmajor/uint16/ucr/Two_Patterns.dat,-1,10,16,0,f,1329990,DoubleDelta,0,72.58,2024-08-01T18_40_54
Zlib -9,934784,5.82,ucr,312.87,colmajor/uint16/ucr/Two_Patterns.dat,-1,10,16,0,f,1329990,DoubleDelta,0,70.29,2024-08-01T18_40_54
Zstd -1,957171,312.55,ucr,830.97,colmajor/uint16/ucr/Two_Patterns.dat,-1,10,16,0,f,1329990,DoubleDelta,0,71.97,2024-08-01T18_40_54
Zstd -9,934197,54.09,ucr,937.48,colmajor/uint16/ucr/Two_Patterns.dat,-1,10,16,0,f,1329990,DoubleDelta,0,70.24,2024-08-01T18_40_54
LZ4,1015103,547.45,ucr,1057.37,colmajor/uint16/ucr/Two_Patterns.dat,-1,10,16,0,f,1329990,DoubleDelta,0,76.32,2024-08-01T18_40_54
LZO -1,1014052,538.23,ucr,806.46,colmajor/uint16/ucr/Two_Patterns.dat,-1,10,16,0,f,1329990,DoubleDelta,0,76.25,2024-08-01T18_40_54
LZO -9,1014052,543.21,ucr,806.58,colmajor/uint16/ucr/Two_Patterns.dat,-1,10,16,0,f,1329990,DoubleDelta,0,76.25,2024-08-01T18_40_54
Huffman,1041730,648.15,ucr,574.93,colmajor/uint16/ucr/Two_Patterns.dat,-1,10,16,0,f,1329990,DoubleDelta,0,78.33,2024-08-01T18_40_54
Snappy,1004873,569.42,ucr,971.99,colmajor/uint16/ucr/Two_Patterns.dat,-1,10,16,0,f,1329990,DoubleDelta,0,75.55,2024-08-01T18_40_54
Brotli -1,966700,204.97,ucr,238.65,colmajor/uint16/ucr/Two_Patterns.dat,-1,10,16,0,f,1329990,DoubleDelta,0,72.68,2024-08-01T18_40_54
Brotli -9,927630,11.39,ucr,274.48,colmajor/uint16/ucr/Two_Patterns.dat,-1,10,16,0,f,1329990,DoubleDelta,0,69.75,2024-08-01T18_40_54
Zlib -1,3657936,45.56,ucr,218.1,colmajor/uint16/ucr/Phoneme.dat,-1,10,16,0,f,4342370,DoubleDelta,0,84.24,2024-08-01T18_40_54
Zlib -9,3623484,28.95,ucr,218.76,colmajor/uint16/ucr/Phoneme.dat,-1,10,16,0,f,4342370,DoubleDelta,0,83.44,2024-08-01T18_40_54
Zstd -1,3582857,565.65,ucr,576.03,colmajor/uint16/ucr/Phoneme.dat,-1,10,16,0,f,4342370,DoubleDelta,0,82.51,2024-08-01T18_40_54
Zstd -9,3517544,44.3,ucr,478.15,colmajor/uint16/ucr/Phoneme.dat,-1,10,16,0,f,4342370,DoubleDelta,0,81.01,2024-08-01T18_40_54
LZ4,4336121,1079.55,ucr,1413.05,colmajor/uint16/ucr/Phoneme.dat,-1,10,16,0,f,4342370,DoubleDelta,0,99.86,2024-08-01T18_40_54
LZO -1,4352608,1490.22,ucr,1415.71,colmajor/uint16/ucr/Phoneme.dat,-1,10,16,0,f,4342370,DoubleDelta,0,100.24,2024-08-01T18_40_54
LZO -9,4352608,1485.49,ucr,1420.93,colmajor/uint16/ucr/Phoneme.dat,-1,10,16,0,f,4342370,DoubleDelta,0,100.24,2024-08-01T18_40_54
Huffman,3586925,667.25,ucr,591.47,colmajor/uint16/ucr/Phoneme.dat,-1,10,16,0,f,4342370,DoubleDelta,0,82.6,2024-08-01T18_40_54
Snappy,4338579,1536.72,ucr,1439.85,colmajor/uint16/ucr/Phoneme.dat,-1,10,16,0,f,4342370,DoubleDelta,0,99.91,2024-08-01T18_40_54
Brotli -1,3582551,285.68,ucr,171.2,colmajor/uint16/ucr/Phoneme.dat,-1,10,16,0,f,4342370,DoubleDelta,0,82.5,2024-08-01T18_40_54
Brotli -9,3506226,6.22,ucr,176.08,colmajor/uint16/ucr/Phoneme.dat,-1,10,16,0,f,4342370,DoubleDelta,0,80.74,2024-08-01T18_40_54
Zlib -1,2867076,77.95,ucr,247.61,colmajor/uint16/ucr/MALLAT.dat,-1,10,16,0,f,4939190,DoubleDelta,0,58.05,2024-08-01T18_40_54
Zlib -9,2737682,10.11,ucr,237.88,colmajor/uint16/ucr/MALLAT.dat,-1,10,16,0,f,4939190,DoubleDelta,0,55.43,2024-08-01T18_40_54
Zstd -1,2858264,271.62,ucr,534.29,colmajor/uint16/ucr/MALLAT.dat,-1,10,16,0,f,4939190,DoubleDelta,0,57.87,2024-08-01T18_40_54
Zstd -9,2316405,22.98,ucr,451.37,colmajor/uint16/ucr/MALLAT.dat,-1,10,16,0,f,4939190,DoubleDelta,0,46.9,2024-08-01T18_40_54
LZ4,3900237,397.67,ucr,980.61,colmajor/uint16/ucr/MALLAT.dat,-1,10,16,0,f,4939190,DoubleDelta,0,78.97,2024-08-01T18_40_54
LZO -1,3829547,352.18,ucr,516.45,colmajor/uint16/ucr/MALLAT.dat,-1,10,16,0,f,4939190,DoubleDelta,0,77.53,2024-08-01T18_40_54
LZO -9,3829547,352.33,ucr,516.82,colmajor/uint16/ucr/MALLAT.dat,-1,10,16,0,f,4939190,DoubleDelta,0,77.53,2024-08-01T18_40_54
Huffman,3182428,630.13,ucr,688.88,colmajor/uint16/ucr/MALLAT.dat,-1,10,16,0,f,4939190,DoubleDelta,0,64.43,2024-08-01T18_40_54
Snappy,3835243,316.88,ucr,685.62,colmajor/uint16/ucr/MALLAT.dat,-1,10,16,0,f,4939190,DoubleDelta,0,77.65,2024-08-01T18_40_54
Brotli -1,2725836,160.67,ucr,209.68,colmajor/uint16/ucr/MALLAT.dat,-1,10,16,0,f,4939190,DoubleDelta,0,55.19,2024-08-01T18_40_54
Brotli -9,2105790,7.41,ucr,232.24,colmajor/uint16/ucr/MALLAT.dat,-1,10,16,0,f,4939190,DoubleDelta,0,42.63,2024-08-01T18_40_54
Zlib -1,69120,53.78,ucr,249.18,colmajor/uint16/ucr/Lighting7.dat,-1,10,16,0,f,92654,DoubleDelta,0,74.6,2024-08-01T18_40_54
Zlib -9,67884,19.31,ucr,259.45,colmajor/uint16/ucr/Lighting7.dat,-1,10,16,0,f,92654,DoubleDelta,0,73.27,2024-08-01T18_40_54
Zstd -1,67106,414.6,ucr,232.22,colmajor/uint16/ucr/Lighting7.dat,-1,10,16,0,f,92654,DoubleDelta,0,72.43,2024-08-01T18_40_54
Zstd -9,67048,86.5,ucr,559.19,colmajor/uint16/ucr/Lighting7.dat,-1,10,16,0,f,92654,DoubleDelta,0,72.36,2024-08-01T18_40_54
LZ4,78627,880.34,ucr,1432.03,colmajor/uint16/ucr/Lighting7.dat,-1,10,16,0,f,92654,DoubleDelta,0,84.86,2024-08-01T18_40_54
LZO -1,79660,1018.71,ucr,546.41,colmajor/uint16/ucr/Lighting7.dat,-1,10,16,0,f,92654,DoubleDelta,0,85.98,2024-08-01T18_40_54
LZO -9,79660,805.08,ucr,563.11,colmajor/uint16/ucr/Lighting7.dat,-1,10,16,0,f,92654,DoubleDelta,0,85.98,2024-08-01T18_40_54
Huffman,71235,254.48,ucr,227.62,colmajor/uint16/ucr/Lighting7.dat,-1,10,16,0,f,92654,DoubleDelta,0,76.88,2024-08-01T18_40_54
Snappy,79810,440.21,ucr,551.03,colmajor/uint16/ucr/Lighting7.dat,-1,10,16,0,f,92654,DoubleDelta,0,86.14,2024-08-01T18_40_54
Brotli -1,67157,226.52,ucr,155.8,colmajor/uint16/ucr/Lighting7.dat,-1,10,16,0,f,92654,DoubleDelta,0,72.48,2024-08-01T18_40_54
Brotli -9,66957,5.03,ucr,199.31,colmajor/uint16/ucr/Lighting7.dat,-1,10,16,0,f,92654,DoubleDelta,0,72.27,2024-08-01T18_40_54
Zlib -1,76821,52.02,ucr,253.55,colmajor/uint16/ucr/ProximalPhalanxOutlineAgeGroup.dat,-1,10,16,0,f,102840,DoubleDelta,0,74.7,2024-08-01T18_40_54
Zlib -9,75081,21.65,ucr,268.93,colmajor/uint16/ucr/ProximalPhalanxOutlineAgeGroup.dat,-1,10,16,0,f,102840,DoubleDelta,0,73.01,2024-08-01T18_40_54
Zstd -1,74969,349.46,ucr,303.34,colmajor/uint16/ucr/ProximalPhalanxOutlineAgeGroup.dat,-1,10,16,0,f,102840,DoubleDelta,0,72.9,2024-08-01T18_40_54
Zstd -9,74518,73.89,ucr,642.3,colmajor/uint16/ucr/ProximalPhalanxOutlineAgeGroup.dat,-1,10,16,0,f,102840,DoubleDelta,0,72.46,2024-08-01T18_40_54
LZ4,87428,676.55,ucr,538.97,colmajor/uint16/ucr/ProximalPhalanxOutlineAgeGroup.dat,-1,10,16,0,f,102840,DoubleDelta,0,85.01,2024-08-01T18_40_54
LZO -1,88026,817.05,ucr,543.1,colmajor/uint16/ucr/ProximalPhalanxOutlineAgeGroup.dat,-1,10,16,0,f,102840,DoubleDelta,0,85.6,2024-08-01T18_40_54
LZO -9,88026,821.89,ucr,544.17,colmajor/uint16/ucr/ProximalPhalanxOutlineAgeGroup.dat,-1,10,16,0,f,102840,DoubleDelta,0,85.6,2024-08-01T18_40_54
Huffman,80323,637.56,ucr,223.81,colmajor/uint16/ucr/ProximalPhalanxOutlineAgeGroup.dat,-1,10,16,0,f,102840,DoubleDelta,0,78.1,2024-08-01T18_40_54
Snappy,88581,796.08,ucr,524.96,colmajor/uint16/ucr/ProximalPhalanxOutlineAgeGroup.dat,-1,10,16,0,f,102840,DoubleDelta,0,86.13,2024-08-01T18_40_54
Brotli -1,75553,252.64,ucr,112.02,colmajor/uint16/ucr/ProximalPhalanxOutlineAgeGroup.dat,-1,10,16,0,f,102840,DoubleDelta,0,73.47,2024-08-01T18_40_54
Brotli -9,74233,5.34,ucr,210.03,colmajor/uint16/ucr/ProximalPhalanxOutlineAgeGroup.dat,-1,10,16,0,f,102840,DoubleDelta,0,72.18,2024-08-01T18_40_54
Zlib -1,49342,61.1,ucr,213.43,colmajor/uint16/ucr/OliveOil.dat,-1,10,16,0,f,68990,DoubleDelta,0,71.52,2024-08-01T18_40_54
Zlib -9,48838,20.31,ucr,211.21,colmajor/uint16/ucr/OliveOil.dat,-1,10,16,0,f,68990,DoubleDelta,0,70.79,2024-08-01T18_40_54
Zstd -1,48452,565.22,ucr,523.29,colmajor/uint16/ucr/OliveOil.dat,-1,10,16,0,f,68990,DoubleDelta,0,70.23,2024-08-01T18_40_54
Zstd -9,47080,53.23,ucr,427.12,colmajor/uint16/ucr/OliveOil.dat,-1,10,16,0,f,68990,DoubleDelta,0,68.24,2024-08-01T18_40_54
LZ4,68077,836.2,ucr,575.61,colmajor/uint16/ucr/OliveOil.dat,-1,10,16,0,f,68990,DoubleDelta,0,98.68,2024-08-01T18_40_54
LZO -1,68262,786.79,ucr,539.06,colmajor/uint16/ucr/OliveOil.dat,-1,10,16,0,f,68990,DoubleDelta,0,98.94,2024-08-01T18_40_54
LZO -9,68262,513.96,ucr,528.19,colmajor/uint16/ucr/OliveOil.dat,-1,10,16,0,f,68990,DoubleDelta,0,98.94,2024-08-01T18_40_54
Huffman,48421,511.32,ucr,300.63,colmajor/uint16/ucr/OliveOil.dat,-1,10,16,0,f,68990,DoubleDelta,0,70.19,2024-08-01T18_40_54
Snappy,66354,526.14,ucr,451.75,colmajor/uint16/ucr/OliveOil.dat,-1,10,16,0,f,68990,DoubleDelta,0,96.18,2024-08-01T18_40_54
Brotli -1,48426,265.63,ucr,76.23,colmajor/uint16/ucr/OliveOil.dat,-1,10,16,0,f,68990,DoubleDelta,0,70.19,2024-08-01T18_40_54
Brotli -9,46752,3.77,ucr,180.1,colmajor/uint16/ucr/OliveOil.dat,-1,10,16,0,f,68990,DoubleDelta,0,67.77,2024-08-01T18_40_54
Zlib -1,112279,50.14,ucr,252.41,colmajor/uint16/ucr/DistalPhalanxOutlineCorrect.dat,-1,10,16,0,f,148910,DoubleDelta,0,75.4,2024-08-01T18_40_54
Zlib -9,109764,21.9,ucr,268.83,colmajor/uint16/ucr/DistalPhalanxOutlineCorrect.dat,-1,10,16,0,f,148910,DoubleDelta,0,73.71,2024-08-01T18_40_54
Zstd -1,109866,293.47,ucr,635.34,colmajor/uint16/ucr/DistalPhalanxOutlineCorrect.dat,-1,10,16,0,f,148910,DoubleDelta,0,73.78,2024-08-01T18_40_54
Zstd -9,109179,80.34,ucr,640.59,colmajor/uint16/ucr/DistalPhalanxOutlineCorrect.dat,-1,10,16,0,f,148910,DoubleDelta,0,73.32,2024-08-01T18_40_54
LZ4,127200,663.35,ucr,1074.61,colmajor/uint16/ucr/DistalPhalanxOutlineCorrect.dat,-1,10,16,0,f,148910,DoubleDelta,0,85.42,2024-08-01T18_40_54
LZO -1,129333,787.57,ucr,556.32,colmajor/uint16/ucr/DistalPhalanxOutlineCorrect.dat,-1,10,16,0,f,148910,DoubleDelta,0,86.85,2024-08-01T18_40_54
LZO -9,129333,397.82,ucr,560.59,colmajor/uint16/ucr/DistalPhalanxOutlineCorrect.dat,-1,10,16,0,f,148910,DoubleDelta,0,86.85,2024-08-01T18_40_54
Huffman,117825,252.74,ucr,210.31,colmajor/uint16/ucr/DistalPhalanxOutlineCorrect.dat,-1,10,16,0,f,148910,DoubleDelta,0,79.12,2024-08-01T18_40_54
Snappy,127965,910.94,ucr,526.5,colmajor/uint16/ucr/DistalPhalanxOutlineCorrect.dat,-1,10,16,0,f,148910,DoubleDelta,0,85.93,2024-08-01T18_40_54
Brotli -1,110895,196.51,ucr,111.22,colmajor/uint16/ucr/DistalPhalanxOutlineCorrect.dat,-1,10,16,0,f,148910,DoubleDelta,0,74.47,2024-08-01T18_40_54
Brotli -9,108608,6.75,ucr,205.7,colmajor/uint16/ucr/DistalPhalanxOutlineCorrect.dat,-1,10,16,0,f,148910,DoubleDelta,0,72.94,2024-08-01T18_40_54
Zlib -1,304842,48.54,ucr,214.02,colmajor/uint16/ucr/OSULeaf.dat,-1,10,16,0,f,381878,DoubleDelta,0,79.83,2024-08-01T18_40_54
Zlib -9,301734,26.24,ucr,207.91,colmajor/uint16/ucr/OSULeaf.dat,-1,10,16,0,f,381878,DoubleDelta,0,79.01,2024-08-01T18_40_54
Zstd -1,294737,594.92,ucr,347.7,colmajor/uint16/ucr/OSULeaf.dat,-1,10,16,0,f,381878,DoubleDelta,0,77.18,2024-08-01T18_40_54
Zstd -9,292832,68.11,ucr,521.45,colmajor/uint16/ucr/OSULeaf.dat,-1,10,16,0,f,381878,DoubleDelta,0,76.68,2024-08-01T18_40_54
LZ4,382589,1075.3,ucr,572.38,colmajor/uint16/ucr/OSULeaf.dat,-1,10,16,0,f,381878,DoubleDelta,0,100.19,2024-08-01T18_40_54
LZO -1,383378,607.78,ucr,566.7,colmajor/uint16/ucr/OSULeaf.dat,-1,10,16,0,f,381878,DoubleDelta,0,100.39,2024-08-01T18_40_54
LZO -9,383378,611.2,ucr,563.98,colmajor/uint16/ucr/OSULeaf.dat,-1,10,16,0,f,381878,DoubleDelta,0,100.39,2024-08-01T18_40_54
Huffman,294662,530.21,ucr,356.18,colmajor/uint16/ucr/OSULeaf.dat,-1,10,16,0,f,381878,DoubleDelta,0,77.16,2024-08-01T18_40_54
Snappy,381903,866.13,ucr,582.87,colmajor/uint16/ucr/OSULeaf.dat,-1,10,16,0,f,381878,DoubleDelta,0,100.01,2024-08-01T18_40_54
Brotli -1,294901,272.54,ucr,183.84,colmajor/uint16/ucr/OSULeaf.dat,-1,10,16,0,f,381878,DoubleDelta,0,77.22,2024-08-01T18_40_54
Brotli -9,293975,8.99,ucr,183.47,colmajor/uint16/ucr/OSULeaf.dat,-1,10,16,0,f,381878,DoubleDelta,0,76.98,2024-08-01T18_40_54
Zlib -1,66894,46.45,ucr,219.44,colmajor/uint16/ucr/FaceFour.dat,-1,10,16,0,f,79510,DoubleDelta,0,84.13,2024-08-01T18_40_54
Zlib -9,65487,17.74,ucr,233.14,colmajor/uint16/ucr/FaceFour.dat,-1,10,16,0,f,79510,DoubleDelta,0,82.36,2024-08-01T18_40_54
Zstd -1,69382,359.73,ucr,605.48,colmajor/uint16/ucr/FaceFour.dat,-1,10,16,0,f,79510,DoubleDelta,0,87.26,2024-08-01T18_40_54
Zstd -9,63875,58.88,ucr,456.15,colmajor/uint16/ucr/FaceFour.dat,-1,10,16,0,f,79510,DoubleDelta,0,80.34,2024-08-01T18_40_54
LZ4,77505,707.88,ucr,572.42,colmajor/uint16/ucr/FaceFour.dat,-1,10,16,0,f,79510,DoubleDelta,0,97.48,2024-08-01T18_40_54
LZO -1,76956,255.25,ucr,479.0,colmajor/uint16/ucr/FaceFour.dat,-1,10,16,0,f,79510,DoubleDelta,0,96.79,2024-08-01T18_40_54
LZO -9,76956,255.13,ucr,444.45,colmajor/uint16/ucr/FaceFour.dat,-1,10,16,0,f,79510,DoubleDelta,0,96.79,2024-08-01T18_40_54
Huffman,70131,511.67,ucr,251.37,colmajor/uint16/ucr/FaceFour.dat,-1,10,16,0,f,79510,DoubleDelta,0,88.2,2024-08-01T18_40_54
Snappy,76756,289.09,ucr,498.34,colmajor/uint16/ucr/FaceFour.dat,-1,10,16,0,f,79510,DoubleDelta,0,96.54,2024-08-01T18_40_54
Brotli -1,69619,97.8,ucr,70.62,colmajor/uint16/ucr/FaceFour.dat,-1,10,16,0,f,79510,DoubleDelta,0,87.56,2024-08-01T18_40_54
Brotli -9,64733,4.41,ucr,178.13,colmajor/uint16/ucr/FaceFour.dat,-1,10,16,0,f,79510,DoubleDelta,0,81.41,2024-08-01T18_40_54
Zlib -1,1213988,44.12,ucr,206.09,colmajor/uint16/ucr/ECG5000.dat,-1,10,16,0,f,1449990,DoubleDelta,0,83.72,2024-08-01T18_40_54
Zlib -9,1191122,27.44,ucr,221.02,colmajor/uint16/ucr/ECG5000.dat,-1,10,16,0,f,1449990,DoubleDelta,0,82.15,2024-08-01T18_40_54
Zstd -1,1177051,336.44,ucr,558.91,colmajor/uint16/ucr/ECG5000.dat,-1,10,16,0,f,1449990,DoubleDelta,0,81.18,2024-08-01T18_40_54
Zstd -9,1174869,41.62,ucr,497.06,colmajor/uint16/ucr/ECG5000.dat,-1,10,16,0,f,1449990,DoubleDelta,0,81.03,2024-08-01T18_40_54
LZ4,1441118,766.24,ucr,1403.53,colmajor/uint16/ucr/ECG5000.dat,-1,10,16,0,f,1449990,DoubleDelta,0,99.39,2024-08-01T18_40_54
LZO -1,1455624,1480.14,ucr,1420.86,colmajor/uint16/ucr/ECG5000.dat,-1,10,16,0,f,1449990,DoubleDelta,0,100.39,2024-08-01T18_40_54
LZO -9,1455624,1480.64,ucr,1422.13,colmajor/uint16/ucr/ECG5000.dat,-1,10,16,0,f,1449990,DoubleDelta,0,100.39,2024-08-01T18_40_54
Huffman,1179794,666.66,ucr,570.46,colmajor/uint16/ucr/ECG5000.dat,-1,10,16,0,f,1449990,DoubleDelta,0,81.37,2024-08-01T18_40_54
Snappy,1449665,1424.5,ucr,1423.46,colmajor/uint16/ucr/ECG5000.dat,-1,10,16,0,f,1449990,DoubleDelta,0,99.98,2024-08-01T18_40_54
Brotli -1,1180298,222.19,ucr,176.36,colmajor/uint16/ucr/ECG5000.dat,-1,10,16,0,f,1449990,DoubleDelta,0,81.4,2024-08-01T18_40_54
Brotli -9,1173473,7.89,ucr,180.99,colmajor/uint16/ucr/ECG5000.dat,-1,10,16,0,f,1449990,DoubleDelta,0,80.93,2024-08-01T18_40_54
Zlib -1,46503,57.26,ucr,224.34,colmajor/uint16/ucr/Gun_Point.dat,-1,10,16,0,f,61990,DoubleDelta,0,75.02,2024-08-01T18_40_54
Zlib -9,45899,24.6,ucr,213.4,colmajor/uint16/ucr/Gun_Point.dat,-1,10,16,0,f,61990,DoubleDelta,0,74.04,2024-08-01T18_40_54
Zstd -1,44891,346.92,ucr,641.97,colmajor/uint16/ucr/Gun_Point.dat,-1,10,16,0,f,61990,DoubleDelta,0,72.42,2024-08-01T18_40_54
Zstd -9,44520,63.78,ucr,469.27,colmajor/uint16/ucr/Gun_Point.dat,-1,10,16,0,f,61990,DoubleDelta,0,71.82,2024-08-01T18_40_54
LZ4,59812,570.36,ucr,501.28,colmajor/uint16/ucr/Gun_Point.dat,-1,10,16,0,f,61990,DoubleDelta,0,96.49,2024-08-01T18_40_54
LZO -1,62231,587.37,ucr,591.07,colmajor/uint16/ucr/Gun_Point.dat,-1,10,16,0,f,61990,DoubleDelta,0,100.39,2024-08-01T18_40_54
LZO -9,62231,1189.19,ucr,587.92,colmajor/uint16/ucr/Gun_Point.dat,-1,10,16,0,f,61990,DoubleDelta,0,100.39,2024-08-01T18_40_54
Huffman,44773,499.98,ucr,268.65,colmajor/uint16/ucr/Gun_Point.dat,-1,10,16,0,f,61990,DoubleDelta,0,72.23,2024-08-01T18_40_54
Snappy,61997,1556.17,ucr,603.17,colmajor/uint16/ucr/Gun_Point.dat,-1,10,16,0,f,61990,DoubleDelta,0,100.01,2024-08-01T18_40_54
Brotli -1,44941,198.5,ucr,72.17,colmajor/uint16/ucr/Gun_Point.dat,-1,10,16,0,f,61990,DoubleDelta,0,72.5,2024-08-01T18_40_54
Brotli -9,44527,3.53,ucr,183.26,colmajor/uint16/ucr/Gun_Point.dat,-1,10,16,0,f,61990,DoubleDelta,0,71.83,2024-08-01T18_40_54
Zlib -1,4162207,44.31,ucr,214.12,colmajor/uint16/ucr/FordA.dat,-1,10,16,0,f,4970200,DoubleDelta,0,83.74,2024-08-01T18_40_54
Zlib -9,4146837,28.94,ucr,214.83,colmajor/uint16/ucr/FordA.dat,-1,10,16,0,f,4970200,DoubleDelta,0,83.43,2024-08-01T18_40_54
Zstd -1,4143460,468.49,ucr,509.65,colmajor/uint16/ucr/FordA.dat,-1,10,16,0,f,4970200,DoubleDelta,0,83.37,2024-08-01T18_40_54
Zstd -9,4051117,37.53,ucr,429.13,colmajor/uint16/ucr/FordA.dat,-1,10,16,0,f,4970200,DoubleDelta,0,81.51,2024-08-01T18_40_54
LZ4,4980960,1061.52,ucr,1415.06,colmajor/uint16/ucr/FordA.dat,-1,10,16,0,f,4970200,DoubleDelta,0,100.22,2024-08-01T18_40_54
LZO -1,4989643,1505.4,ucr,1417.78,colmajor/uint16/ucr/FordA.dat,-1,10,16,0,f,4970200,DoubleDelta,0,100.39,2024-08-01T18_40_54
LZO -9,4989643,1504.79,ucr,1408.88,colmajor/uint16/ucr/FordA.dat,-1,10,16,0,f,4970200,DoubleDelta,0,100.39,2024-08-01T18_40_54
Huffman,4145315,667.5,ucr,521.45,colmajor/uint16/ucr/FordA.dat,-1,10,16,0,f,4970200,DoubleDelta,0,83.4,2024-08-01T18_40_54
Snappy,4970416,1546.86,ucr,1428.55,colmajor/uint16/ucr/FordA.dat,-1,10,16,0,f,4970200,DoubleDelta,0,100.0,2024-08-01T18_40_54
Brotli -1,4146357,260.73,ucr,181.85,colmajor/uint16/ucr/FordA.dat,-1,10,16,0,f,4970200,DoubleDelta,0,83.42,2024-08-01T18_40_54
Brotli -9,4057480,4.3,ucr,181.69,colmajor/uint16/ucr/FordA.dat,-1,10,16,0,f,4970200,DoubleDelta,0,81.64,2024-08-01T18_40_54
Zlib -1,180768,49.33,ucr,214.22,colmajor/uint16/ucr/MoteStrain.dat,-1,10,16,0,f,226406,DoubleDelta,0,79.84,2024-08-01T18_40_54
Zlib -9,177277,21.21,ucr,219.74,colmajor/uint16/ucr/MoteStrain.dat,-1,10,16,0,f,226406,DoubleDelta,0,78.3,2024-08-01T18_40_54
Zstd -1,173946,293.57,ucr,608.82,colmajor/uint16/ucr/MoteStrain.dat,-1,10,16,0,f,226406,DoubleDelta,0,76.83,2024-08-01T18_40_54
Zstd -9,172821,58.62,ucr,473.55,colmajor/uint16/ucr/MoteStrain.dat,-1,10,16,0,f,226406,DoubleDelta,0,76.33,2024-08-01T18_40_54
LZ4,219907,660.3,ucr,1408.68,colmajor/uint16/ucr/MoteStrain.dat,-1,10,16,0,f,226406,DoubleDelta,0,97.13,2024-08-01T18_40_54
LZO -1,221270,676.81,ucr,1288.89,colmajor/uint16/ucr/MoteStrain.dat,-1,10,16,0,f,226406,DoubleDelta,0,97.73,2024-08-01T18_40_54
LZO -9,221270,670.31,ucr,1327.81,colmajor/uint16/ucr/MoteStrain.dat,-1,10,16,0,f,226406,DoubleDelta,0,97.73,2024-08-01T18_40_54
Huffman,174402,661.21,ucr,355.62,colmajor/uint16/ucr/MoteStrain.dat,-1,10,16,0,f,226406,DoubleDelta,0,77.03,2024-08-01T18_40_54
Snappy,221174,421.3,ucr,536.63,colmajor/uint16/ucr/MoteStrain.dat,-1,10,16,0,f,226406,DoubleDelta,0,97.69,2024-08-01T18_40_54
Brotli -1,174520,223.6,ucr,173.9,colmajor/uint16/ucr/MoteStrain.dat,-1,10,16,0,f,226406,DoubleDelta,0,77.08,2024-08-01T18_40_54
Brotli -9,172677,7.94,ucr,179.79,colmajor/uint16/ucr/MoteStrain.dat,-1,10,16,0,f,226406,DoubleDelta,0,76.27,2024-08-01T18_40_54
Zlib -1,338927,49.53,ucr,186.49,colmajor/uint16/ucr/WormsTwoClass.dat,-1,10,16,0,f,466970,DoubleDelta,0,72.58,2024-08-01T18_40_54
Zlib -9,330770,17.62,ucr,189.93,colmajor/uint16/ucr/WormsTwoClass.dat,-1,10,16,0,f,466970,DoubleDelta,0,70.83,2024-08-01T18_40_54
Zstd -1,318326,393.0,ucr,587.39,colmajor/uint16/ucr/WormsTwoClass.dat,-1,10,16,0,f,466970,DoubleDelta,0,68.17,2024-08-01T18_40_54
Zstd -9,299359,67.57,ucr,505.1,colmajor/uint16/ucr/WormsTwoClass.dat,-1,10,16,0,f,466970,DoubleDelta,0,64.11,2024-08-01T18_40_54
LZ4,442785,693.34,ucr,1256.75,colmajor/uint16/ucr/WormsTwoClass.dat,-1,10,16,0,f,466970,DoubleDelta,0,94.82,2024-08-01T18_40_54
LZO -1,446075,633.32,ucr,915.29,colmajor/uint16/ucr/WormsTwoClass.dat,-1,10,16,0,f,466970,DoubleDelta,0,95.53,2024-08-01T18_40_54
LZO -9,446075,629.17,ucr,922.17,colmajor/uint16/ucr/WormsTwoClass.dat,-1,10,16,0,f,466970,DoubleDelta,0,95.53,2024-08-01T18_40_54
Huffman,357063,667.64,ucr,605.08,colmajor/uint16/ucr/WormsTwoClass.dat,-1,10,16,0,f,466970,DoubleDelta,0,76.46,2024-08-01T18_40_54
Snappy,439740,676.34,ucr,1116.2,colmajor/uint16/ucr/WormsTwoClass.dat,-1,10,16,0,f,466970,DoubleDelta,0,94.17,2024-08-01T18_40_54
Brotli -1,318792,243.41,ucr,190.43,colmajor/uint16/ucr/WormsTwoClass.dat,-1,10,16,0,f,466970,DoubleDelta,0,68.27,2024-08-01T18_40_54
Brotli -9,290899,10.27,ucr,178.44,colmajor/uint16/ucr/WormsTwoClass.dat,-1,10,16,0,f,466970,DoubleDelta,0,62.3,2024-08-01T18_40_54
Zlib -1,5889797,120.39,ucr,324.08,colmajor/uint16/ucr/StarLightCurves.dat,-1,10,16,0,f,19007678,DoubleDelta,0,30.99,2024-08-01T18_40_54
Zlib -9,4832249,1.97,ucr,351.45,colmajor/uint16/ucr/StarLightCurves.dat,-1,10,16,0,f,19007678,DoubleDelta,0,25.42,2024-08-01T18_40_54
Zstd -1,5265513,283.89,ucr,461.31,colmajor/uint16/ucr/StarLightCurves.dat,-1,10,16,0,f,19007678,DoubleDelta,0,27.7,2024-08-01T18_40_54
Zstd -9,4738443,31.07,ucr,519.94,colmajor/uint16/ucr/StarLightCurves.dat,-1,10,16,0,f,19007678,DoubleDelta,0,24.93,2024-08-01T18_40_54
LZ4,8872171,454.61,ucr,818.04,colmajor/uint16/ucr/StarLightCurves.dat,-1,10,16,0,f,19007678,DoubleDelta,0,46.68,2024-08-01T18_40_54
LZO -1,9035426,431.38,ucr,531.43,colmajor/uint16/ucr/StarLightCurves.dat,-1,10,16,0,f,19007678,DoubleDelta,0,47.54,2024-08-01T18_40_54
LZO -9,9035426,431.3,ucr,532.35,colmajor/uint16/ucr/StarLightCurves.dat,-1,10,16,0,f,19007678,DoubleDelta,0,47.54,2024-08-01T18_40_54
Huffman,7866084,610.28,ucr,723.86,colmajor/uint16/ucr/StarLightCurves.dat,-1,10,16,0,f,19007678,DoubleDelta,0,41.38,2024-08-01T18_40_54
Snappy,9005019,321.42,ucr,584.91,colmajor/uint16/ucr/StarLightCurves.dat,-1,10,16,0,f,19007678,DoubleDelta,0,47.38,2024-08-01T18_40_54
Brotli -1,5928377,200.1,ucr,251.04,colmajor/uint16/ucr/StarLightCurves.dat,-1,10,16,0,f,19007678,DoubleDelta,0,31.19,2024-08-01T18_40_54
Brotli -9,4265802,6.83,ucr,471.53,colmajor/uint16/ucr/StarLightCurves.dat,-1,10,16,0,f,19007678,DoubleDelta,0,22.44,2024-08-01T18_40_54
Zlib -1,87992,45.73,ucr,207.8,colmajor/uint16/ucr/ArrowHead.dat,-1,10,16,0,f,108022,DoubleDelta,0,81.46,2024-08-01T18_40_54
Zlib -9,86690,28.2,ucr,221.19,colmajor/uint16/ucr/ArrowHead.dat,-1,10,16,0,f,108022,DoubleDelta,0,80.25,2024-08-01T18_40_54
Zstd -1,85438,475.58,ucr,224.11,colmajor/uint16/ucr/ArrowHead.dat,-1,10,16,0,f,108022,DoubleDelta,0,79.09,2024-08-01T18_40_54
Zstd -9,85604,64.43,ucr,500.55,colmajor/uint16/ucr/ArrowHead.dat,-1,10,16,0,f,108022,DoubleDelta,0,79.25,2024-08-01T18_40_54
LZ4,107231,882.32,ucr,1188.88,colmajor/uint16/ucr/ArrowHead.dat,-1,10,16,0,f,108022,DoubleDelta,0,99.27,2024-08-01T18_40_54
LZO -1,108450,1507.13,ucr,623.56,colmajor/uint16/ucr/ArrowHead.dat,-1,10,16,0,f,108022,DoubleDelta,0,100.4,2024-08-01T18_40_54
LZO -9,108450,682.91,ucr,588.3,colmajor/uint16/ucr/ArrowHead.dat,-1,10,16,0,f,108022,DoubleDelta,0,100.4,2024-08-01T18_40_54
Huffman,85771,264.54,ucr,226.35,colmajor/uint16/ucr/ArrowHead.dat,-1,10,16,0,f,108022,DoubleDelta,0,79.4,2024-08-01T18_40_54
Snappy,108033,1261.64,ucr,1197.86,colmajor/uint16/ucr/ArrowHead.dat,-1,10,16,0,f,108022,DoubleDelta,0,100.01,2024-08-01T18_40_54
Brotli -1,85487,211.58,ucr,75.84,colmajor/uint16/ucr/ArrowHead.dat,-1,10,16,0,f,108022,DoubleDelta,0,79.14,2024-08-01T18_40_54
Brotli -9,85552,5.39,ucr,186.36,colmajor/uint16/ucr/ArrowHead.dat,-1,10,16,0,f,108022,DoubleDelta,0,79.2,2024-08-01T18_40_54
Zlib -1,27446,49.53,ucr,223.82,colmajor/uint16/ucr/Coffee.dat,-1,10,16,0,f,32582,DoubleDelta,0,84.24,2024-08-01T18_40_54
Zlib -9,27083,39.31,ucr,233.91,colmajor/uint16/ucr/Coffee.dat,-1,10,16,0,f,32582,DoubleDelta,0,83.12,2024-08-01T18_40_54
Zstd -1,26635,554.02,ucr,602.02,colmajor/uint16/ucr/Coffee.dat,-1,10,16,0,f,32582,DoubleDelta,0,81.75,2024-08-01T18_40_54
Zstd -9,26632,105.31,ucr,228.57,colmajor/uint16/ucr/Coffee.dat,-1,10,16,0,f,32582,DoubleDelta,0,81.74,2024-08-01T18_40_54
LZ4,32387,897.13,ucr,576.51,colmajor/uint16/ucr/Coffee.dat,-1,10,16,0,f,32582,DoubleDelta,0,99.4,2024-08-01T18_40_54
LZO -1,32714,1236.51,ucr,594.64,colmajor/uint16/ucr/Coffee.dat,-1,10,16,0,f,32582,DoubleDelta,0,100.41,2024-08-01T18_40_54
LZO -9,32714,679.22,ucr,591.51,colmajor/uint16/ucr/Coffee.dat,-1,10,16,0,f,32582,DoubleDelta,0,100.41,2024-08-01T18_40_54
Huffman,26623,583.74,ucr,243.09,colmajor/uint16/ucr/Coffee.dat,-1,10,16,0,f,32582,DoubleDelta,0,81.71,2024-08-01T18_40_54
Snappy,32588,702.7,ucr,594.86,colmajor/uint16/ucr/Coffee.dat,-1,10,16,0,f,32582,DoubleDelta,0,100.02,2024-08-01T18_40_54
Brotli -1,26638,113.1,ucr,75.25,colmajor/uint16/ucr/Coffee.dat,-1,10,16,0,f,32582,DoubleDelta,0,81.76,2024-08-01T18_40_54
Brotli -9,26665,2.13,ucr,183.15,colmajor/uint16/ucr/Coffee.dat,-1,10,16,0,f,32582,DoubleDelta,0,81.84,2024-08-01T18_40_54
Zlib -1,338927,49.63,ucr,183.86,colmajor/uint16/ucr/Worms.dat,-1,10,16,0,f,466970,DoubleDelta,0,72.58,2024-08-01T18_40_54
Zlib -9,330770,17.6,ucr,189.55,colmajor/uint16/ucr/Worms.dat,-1,10,16,0,f,466970,DoubleDelta,0,70.83,2024-08-01T18_40_54
Zstd -1,318326,392.63,ucr,588.19,colmajor/uint16/ucr/Worms.dat,-1,10,16,0,f,466970,DoubleDelta,0,68.17,2024-08-01T18_40_54
Zstd -9,299359,66.99,ucr,488.24,colmajor/uint16/ucr/Worms.dat,-1,10,16,0,f,466970,DoubleDelta,0,64.11,2024-08-01T18_40_54
LZ4,442785,681.62,ucr,1198.43,colmajor/uint16/ucr/Worms.dat,-1,10,16,0,f,466970,DoubleDelta,0,94.82,2024-08-01T18_40_54
LZO -1,446075,627.16,ucr,906.49,colmajor/uint16/ucr/Worms.dat,-1,10,16,0,f,466970,DoubleDelta,0,95.53,2024-08-01T18_40_54
LZO -9,446075,626.04,ucr,908.51,colmajor/uint16/ucr/Worms.dat,-1,10,16,0,f,466970,DoubleDelta,0,95.53,2024-08-01T18_40_54
Huffman,357063,659.63,ucr,589.65,colmajor/uint16/ucr/Worms.dat,-1,10,16,0,f,466970,DoubleDelta,0,76.46,2024-08-01T18_40_54
Snappy,439740,676.46,ucr,889.69,colmajor/uint16/ucr/Worms.dat,-1,10,16,0,f,466970,DoubleDelta,0,94.17,2024-08-01T18_40_54
Brotli -1,318792,241.39,ucr,190.71,colmajor/uint16/ucr/Worms.dat,-1,10,16,0,f,466970,DoubleDelta,0,68.27,2024-08-01T18_40_54
Brotli -9,290899,10.22,ucr,178.03,colmajor/uint16/ucr/Worms.dat,-1,10,16,0,f,466970,DoubleDelta,0,62.3,2024-08-01T18_40_54
Zlib -1,173716,82.11,ucr,260.0,colmajor/uint16/ucr/FISH.dat,-1,10,16,0,f,327590,DoubleDelta,0,53.03,2024-08-01T18_40_54
Zlib -9,169098,4.16,ucr,239.47,colmajor/uint16/ucr/FISH.dat,-1,10,16,0,f,327590,DoubleDelta,0,51.62,2024-08-01T18_40_54
Zstd -1,172592,257.55,ucr,551.33,colmajor/uint16/ucr/FISH.dat,-1,10,16,0,f,327590,DoubleDelta,0,52.69,2024-08-01T18_40_54
Zstd -9,161983,31.25,ucr,434.89,colmajor/uint16/ucr/FISH.dat,-1,10,16,0,f,327590,DoubleDelta,0,49.45,2024-08-01T18_40_54
LZ4,260100,381.07,ucr,890.6,colmajor/uint16/ucr/FISH.dat,-1,10,16,0,f,327590,DoubleDelta,0,79.4,2024-08-01T18_40_54
LZO -1,242512,304.23,ucr,451.36,colmajor/uint16/ucr/FISH.dat,-1,10,16,0,f,327590,DoubleDelta,0,74.03,2024-08-01T18_40_54
LZO -9,242512,304.68,ucr,452.52,colmajor/uint16/ucr/FISH.dat,-1,10,16,0,f,327590,DoubleDelta,0,74.03,2024-08-01T18_40_54
Huffman,175898,643.94,ucr,706.8,colmajor/uint16/ucr/FISH.dat,-1,10,16,0,f,327590,DoubleDelta,0,53.69,2024-08-01T18_40_54
Snappy,244982,269.48,ucr,610.66,colmajor/uint16/ucr/FISH.dat,-1,10,16,0,f,327590,DoubleDelta,0,74.78,2024-08-01T18_40_54
Brotli -1,173161,166.7,ucr,202.68,colmajor/uint16/ucr/FISH.dat,-1,10,16,0,f,327590,DoubleDelta,0,52.86,2024-08-01T18_40_54
Brotli -9,158316,7.91,ucr,247.06,colmajor/uint16/ucr/FISH.dat,-1,10,16,0,f,327590,DoubleDelta,0,48.33,2024-08-01T18_40_54
Zlib -1,74946,51.75,ucr,274.28,colmajor/uint16/ucr/synthetic_control.dat,-1,10,16,0,f,77990,DoubleDelta,0,96.1,2024-08-01T18_40_54
Zlib -9,73949,34.46,ucr,281.6,colmajor/uint16/ucr/synthetic_control.dat,-1,10,16,0,f,77990,DoubleDelta,0,94.82,2024-08-01T18_40_54
Zstd -1,74913,309.9,ucr,715.21,colmajor/uint16/ucr/synthetic_control.dat,-1,10,16,0,f,77990,DoubleDelta,0,96.05,2024-08-01T18_40_54
Zstd -9,73806,72.91,ucr,1286.24,colmajor/uint16/ucr/synthetic_control.dat,-1,10,16,0,f,77990,DoubleDelta,0,94.64,2024-08-01T18_40_54
LZ4,75993,637.43,ucr,645.63,colmajor/uint16/ucr/synthetic_control.dat,-1,10,16,0,f,77990,DoubleDelta,0,97.44,2024-08-01T18_40_54
LZO -1,76551,518.89,ucr,556.06,colmajor/uint16/ucr/synthetic_control.dat,-1,10,16,0,f,77990,DoubleDelta,0,98.15,2024-08-01T18_40_54
LZO -9,76551,262.36,ucr,554.84,colmajor/uint16/ucr/synthetic_control.dat,-1,10,16,0,f,77990,DoubleDelta,0,98.15,2024-08-01T18_40_54
Huffman,76270,261.64,ucr,252.98,colmajor/uint16/ucr/synthetic_control.dat,-1,10,16,0,f,77990,DoubleDelta,0,97.79,2024-08-01T18_40_54
Snappy,76645,614.84,ucr,538.71,colmajor/uint16/ucr/synthetic_control.dat,-1,10,16,0,f,77990,DoubleDelta,0,98.28,2024-08-01T18_40_54
Brotli -1,75322,89.88,ucr,102.6,colmajor/uint16/ucr/synthetic_control.dat,-1,10,16,0,f,77990,DoubleDelta,0,96.58,2024-08-01T18_40_54
Brotli -9,73555,4.39,ucr,279.23,colmajor/uint16/ucr/synthetic_control.dat,-1,10,16,0,f,77990,DoubleDelta,0,94.31,2024-08-01T18_40_54
Zlib -1,209293,56.03,ucr,221.1,colmajor/uint16/ucr/Adiac.dat,-1,10,16,0,f,282712,DoubleDelta,0,74.03,2024-08-01T18_40_54
Zlib -9,206528,19.66,ucr,207.31,colmajor/uint16/ucr/Adiac.dat,-1,10,16,0,f,282712,DoubleDelta,0,73.05,2024-08-01T18_40_54
Zstd -1,201570,316.34,ucr,654.1,colmajor/uint16/ucr/Adiac.dat,-1,10,16,0,f,282712,DoubleDelta,0,71.3,2024-08-01T18_40_54
Zstd -9,196815,57.17,ucr,468.51,colmajor/uint16/ucr/Adiac.dat,-1,10,16,0,f,282712,DoubleDelta,0,69.62,2024-08-01T18_40_54
LZ4,278547,699.45,ucr,1109.81,colmajor/uint16/ucr/Adiac.dat,-1,10,16,0,f,282712,DoubleDelta,0,98.53,2024-08-01T18_40_54
LZO -1,279875,772.23,ucr,480.1,colmajor/uint16/ucr/Adiac.dat,-1,10,16,0,f,282712,DoubleDelta,0,99.0,2024-08-01T18_40_54
LZO -9,279875,312.31,ucr,484.22,colmajor/uint16/ucr/Adiac.dat,-1,10,16,0,f,282712,DoubleDelta,0,99.0,2024-08-01T18_40_54
Huffman,201415,526.21,ucr,533.22,colmajor/uint16/ucr/Adiac.dat,-1,10,16,0,f,282712,DoubleDelta,0,71.24,2024-08-01T18_40_54
Snappy,279420,744.2,ucr,1060.27,colmajor/uint16/ucr/Adiac.dat,-1,10,16,0,f,282712,DoubleDelta,0,98.84,2024-08-01T18_40_54
Brotli -1,202043,226.97,ucr,175.32,colmajor/uint16/ucr/Adiac.dat,-1,10,16,0,f,282712,DoubleDelta,0,71.47,2024-08-01T18_40_54
Brotli -9,198101,8.37,ucr,188.15,colmajor/uint16/ucr/Adiac.dat,-1,10,16,0,f,282712,DoubleDelta,0,70.07,2024-08-01T18_40_54
Zlib -1,142582,52.18,ucr,216.42,colmajor/uint16/ucr/Ham.dat,-1,10,16,0,f,186598,DoubleDelta,0,76.41,2024-08-01T18_40_54
Zlib -9,140938,22.48,ucr,205.83,colmajor/uint16/ucr/Ham.dat,-1,10,16,0,f,186598,DoubleDelta,0,75.53,2024-08-01T18_40_54
Zstd -1,140685,448.47,ucr,341.75,colmajor/uint16/ucr/Ham.dat,-1,10,16,0,f,186598,DoubleDelta,0,75.39,2024-08-01T18_40_54
Zstd -9,137958,57.63,ucr,434.87,colmajor/uint16/ucr/Ham.dat,-1,10,16,0,f,186598,DoubleDelta,0,73.93,2024-08-01T18_40_54
LZ4,185384,852.66,ucr,1071.87,colmajor/uint16/ucr/Ham.dat,-1,10,16,0,f,186598,DoubleDelta,0,99.35,2024-08-01T18_40_54
LZO -1,187251,1491.77,ucr,1173.21,colmajor/uint16/ucr/Ham.dat,-1,10,16,0,f,186598,DoubleDelta,0,100.35,2024-08-01T18_40_54
LZO -9,187251,1492.96,ucr,1164.7,colmajor/uint16/ucr/Ham.dat,-1,10,16,0,f,186598,DoubleDelta,0,100.35,2024-08-01T18_40_54
Huffman,140578,657.82,ucr,505.12,colmajor/uint16/ucr/Ham.dat,-1,10,16,0,f,186598,DoubleDelta,0,75.34,2024-08-01T18_40_54
Snappy,186440,1229.6,ucr,1193.89,colmajor/uint16/ucr/Ham.dat,-1,10,16,0,f,186598,DoubleDelta,0,99.92,2024-08-01T18_40_54
Brotli -1,140911,211.99,ucr,144.52,colmajor/uint16/ucr/Ham.dat,-1,10,16,0,f,186598,DoubleDelta,0,75.52,2024-08-01T18_40_54
Brotli -9,138126,7.36,ucr,175.19,colmajor/uint16/ucr/Ham.dat,-1,10,16,0,f,186598,DoubleDelta,0,74.02,2024-08-01T18_40_54
Zlib -1,410113,42.38,ucr,210.77,colmajor/uint16/ucr/Cricket_X.dat,-1,10,16,0,f,475790,DoubleDelta,0,86.2,2024-08-01T18_40_54
Zlib -9,404348,30.36,ucr,219.59,colmajor/uint16/ucr/Cricket_X.dat,-1,10,16,0,f,475790,DoubleDelta,0,84.98,2024-08-01T18_40_54
Zstd -1,400120,476.54,ucr,532.23,colmajor/uint16/ucr/Cricket_X.dat,-1,10,16,0,f,475790,DoubleDelta,0,84.1,2024-08-01T18_40_54
Zstd -9,399572,79.53,ucr,513.48,colmajor/uint16/ucr/Cricket_X.dat,-1,10,16,0,f,475790,DoubleDelta,0,83.98,2024-08-01T18_40_54
LZ4,475370,955.76,ucr,818.53,colmajor/uint16/ucr/Cricket_X.dat,-1,10,16,0,f,475790,DoubleDelta,0,99.91,2024-08-01T18_40_54
LZO -1,477655,1197.72,ucr,612.21,colmajor/uint16/ucr/Cricket_X.dat,-1,10,16,0,f,475790,DoubleDelta,0,100.39,2024-08-01T18_40_54
LZO -9,477655,1221.06,ucr,589.06,colmajor/uint16/ucr/Cricket_X.dat,-1,10,16,0,f,475790,DoubleDelta,0,100.39,2024-08-01T18_40_54
Huffman,400083,374.6,ucr,311.31,colmajor/uint16/ucr/Cricket_X.dat,-1,10,16,0,f,475790,DoubleDelta,0,84.09,2024-08-01T18_40_54
Snappy,475818,883.46,ucr,585.19,colmajor/uint16/ucr/Cricket_X.dat,-1,10,16,0,f,475790,DoubleDelta,0,100.01,2024-08-01T18_40_54
Brotli -1,400301,277.01,ucr,172.38,colmajor/uint16/ucr/Cricket_X.dat,-1,10,16,0,f,475790,DoubleDelta,0,84.13,2024-08-01T18_40_54
Brotli -9,399750,9.86,ucr,176.07,colmajor/uint16/ucr/Cricket_X.dat,-1,10,16,0,f,475790,DoubleDelta,0,84.02,2024-08-01T18_40_54
Zlib -1,109317,49.57,ucr,209.46,colmajor/uint16/ucr/SonyAIBORobotSurfaceII.dat,-1,10,16,0,f,137190,DoubleDelta,0,79.68,2024-08-01T18_40_54
Zlib -9,106820,10.52,ucr,222.57,colmajor/uint16/ucr/SonyAIBORobotSurfaceII.dat,-1,10,16,0,f,137190,DoubleDelta,0,77.86,2024-08-01T18_40_54
Zstd -1,113554,248.72,ucr,568.49,colmajor/uint16/ucr/SonyAIBORobotSurfaceII.dat,-1,10,16,0,f,137190,DoubleDelta,0,82.77,2024-08-01T18_40_54
Zstd -9,106348,56.35,ucr,459.69,colmajor/uint16/ucr/SonyAIBORobotSurfaceII.dat,-1,10,16,0,f,137190,DoubleDelta,0,77.52,2024-08-01T18_40_54
LZ4,128652,515.21,ucr,1256.27,colmajor/uint16/ucr/SonyAIBORobotSurfaceII.dat,-1,10,16,0,f,137190,DoubleDelta,0,93.78,2024-08-01T18_40_54
LZO -1,124144,401.42,ucr,716.85,colmajor/uint16/ucr/SonyAIBORobotSurfaceII.dat,-1,10,16,0,f,137190,DoubleDelta,0,90.49,2024-08-01T18_40_54
LZO -9,124144,403.47,ucr,284.23,colmajor/uint16/ucr/SonyAIBORobotSurfaceII.dat,-1,10,16,0,f,137190,DoubleDelta,0,90.49,2024-08-01T18_40_54
Huffman,117424,262.09,ucr,224.92,colmajor/uint16/ucr/SonyAIBORobotSurfaceII.dat,-1,10,16,0,f,137190,DoubleDelta,0,85.59,2024-08-01T18_40_54
Snappy,125081,376.93,ucr,387.14,colmajor/uint16/ucr/SonyAIBORobotSurfaceII.dat,-1,10,16,0,f,137190,DoubleDelta,0,91.17,2024-08-01T18_40_54
Brotli -1,115817,162.78,ucr,89.12,colmajor/uint16/ucr/SonyAIBORobotSurfaceII.dat,-1,10,16,0,f,137190,DoubleDelta,0,84.42,2024-08-01T18_40_54
Brotli -9,106713,5.9,ucr,142.58,colmajor/uint16/ucr/SonyAIBORobotSurfaceII.dat,-1,10,16,0,f,137190,DoubleDelta,0,77.78,2024-08-01T18_40_54
Zlib -1,1314788,40.41,ucr,220.66,colmajor/uint16/ucr/ChlorineConcentration.dat,-1,10,16,0,f,1472984,DoubleDelta,0,89.26,2024-08-01T18_40_54
Zlib -9,1297294,31.21,ucr,236.96,colmajor/uint16/ucr/ChlorineConcentration.dat,-1,10,16,0,f,1472984,DoubleDelta,0,88.07,2024-08-01T18_40_54
Zstd -1,1291111,339.58,ucr,597.96,colmajor/uint16/ucr/ChlorineConcentration.dat,-1,10,16,0,f,1472984,DoubleDelta,0,87.65,2024-08-01T18_40_54
Zstd -9,1287488,48.18,ucr,596.22,colmajor/uint16/ucr/ChlorineConcentration.dat,-1,10,16,0,f,1472984,DoubleDelta,0,87.41,2024-08-01T18_40_54
LZ4,1455680,784.87,ucr,1410.44,colmajor/uint16/ucr/ChlorineConcentration.dat,-1,10,16,0,f,1472984,DoubleDelta,0,98.83,2024-08-01T18_40_54
LZO -1,1474125,1361.6,ucr,1416.71,colmajor/uint16/ucr/ChlorineConcentration.dat,-1,10,16,0,f,1472984,DoubleDelta,0,100.08,2024-08-01T18_40_54
LZO -9,1474125,1357.82,ucr,1400.25,colmajor/uint16/ucr/ChlorineConcentration.dat,-1,10,16,0,f,1472984,DoubleDelta,0,100.08,2024-08-01T18_40_54
Huffman,1300050,673.13,ucr,630.45,colmajor/uint16/ucr/ChlorineConcentration.dat,-1,10,16,0,f,1472984,DoubleDelta,0,88.26,2024-08-01T18_40_54
Snappy,1469080,1408.05,ucr,1425.51,colmajor/uint16/ucr/ChlorineConcentration.dat,-1,10,16,0,f,1472984,DoubleDelta,0,99.73,2024-08-01T18_40_54
Brotli -1,1295881,234.13,ucr,169.59,colmajor/uint16/ucr/ChlorineConcentration.dat,-1,10,16,0,f,1472984,DoubleDelta,0,87.98,2024-08-01T18_40_54
Brotli -9,1285509,8.28,ucr,174.27,colmajor/uint16/ucr/ChlorineConcentration.dat,-1,10,16,0,f,1472984,DoubleDelta,0,87.27,2024-08-01T18_40_54
Zlib -1,68060,53.28,ucr,259.14,colmajor/uint16/ucr/DistalPhalanxOutlineAgeGroup.dat,-1,10,16,0,f,91620,DoubleDelta,0,74.29,2024-08-01T18_40_54
Zlib -9,66595,22.26,ucr,271.96,colmajor/uint16/ucr/DistalPhalanxOutlineAgeGroup.dat,-1,10,16,0,f,91620,DoubleDelta,0,72.69,2024-08-01T18_40_54
Zstd -1,66655,353.01,ucr,258.6,colmajor/uint16/ucr/DistalPhalanxOutlineAgeGroup.dat,-1,10,16,0,f,91620,DoubleDelta,0,72.75,2024-08-01T18_40_54
Zstd -9,66188,76.39,ucr,655.07,colmajor/uint16/ucr/DistalPhalanxOutlineAgeGroup.dat,-1,10,16,0,f,91620,DoubleDelta,0,72.24,2024-08-01T18_40_54
LZ4,76695,671.92,ucr,1330.16,colmajor/uint16/ucr/DistalPhalanxOutlineAgeGroup.dat,-1,10,16,0,f,91620,DoubleDelta,0,83.71,2024-08-01T18_40_54
LZO -1,78058,875.86,ucr,551.56,colmajor/uint16/ucr/DistalPhalanxOutlineAgeGroup.dat,-1,10,16,0,f,91620,DoubleDelta,0,85.2,2024-08-01T18_40_54
LZO -9,78058,396.27,ucr,548.58,colmajor/uint16/ucr/DistalPhalanxOutlineAgeGroup.dat,-1,10,16,0,f,91620,DoubleDelta,0,85.2,2024-08-01T18_40_54
Huffman,72000,359.1,ucr,305.8,colmajor/uint16/ucr/DistalPhalanxOutlineAgeGroup.dat,-1,10,16,0,f,91620,DoubleDelta,0,78.59,2024-08-01T18_40_54
Snappy,78228,495.03,ucr,719.89,colmajor/uint16/ucr/DistalPhalanxOutlineAgeGroup.dat,-1,10,16,0,f,91620,DoubleDelta,0,85.38,2024-08-01T18_40_54
Brotli -1,67267,204.21,ucr,81.28,colmajor/uint16/ucr/DistalPhalanxOutlineAgeGroup.dat,-1,10,16,0,f,91620,DoubleDelta,0,73.42,2024-08-01T18_40_54
Brotli -9,65906,5.0,ucr,210.17,colmajor/uint16/ucr/DistalPhalanxOutlineAgeGroup.dat,-1,10,16,0,f,91620,DoubleDelta,0,71.93,2024-08-01T18_40_54
Zlib -1,4499345,73.95,ucr,224.12,colmajor/uint16/ucr/UWaveGestureLibraryAll.dat,-1,10,16,0,f,8508190,DoubleDelta,0,52.88,2024-08-01T18_40_54
Zlib -9,4218401,3.31,ucr,237.27,colmajor/uint16/ucr/UWaveGestureLibraryAll.dat,-1,10,16,0,f,8508190,DoubleDelta,0,49.58,2024-08-01T18_40_54
Zstd -1,4169353,307.03,ucr,536.77,colmajor/uint16/ucr/UWaveGestureLibraryAll.dat,-1,10,16,0,f,8508190,DoubleDelta,0,49.0,2024-08-01T18_40_54
Zstd -9,4025425,32.37,ucr,491.83,colmajor/uint16/ucr/UWaveGestureLibraryAll.dat,-1,10,16,0,f,8508190,DoubleDelta,0,47.31,2024-08-01T18_40_54
LZ4,5825172,458.58,ucr,898.48,colmajor/uint16/ucr/UWaveGestureLibraryAll.dat,-1,10,16,0,f,8508190,DoubleDelta,0,68.47,2024-08-01T18_40_54
LZO -1,5732833,375.6,ucr,487.97,colmajor/uint16/ucr/UWaveGestureLibraryAll.dat,-1,10,16,0,f,8508190,DoubleDelta,0,67.38,2024-08-01T18_40_54
LZO -9,5732833,376.26,ucr,485.09,colmajor/uint16/ucr/UWaveGestureLibraryAll.dat,-1,10,16,0,f,8508190,DoubleDelta,0,67.38,2024-08-01T18_40_54
Huffman,4270551,635.93,ucr,673.94,colmajor/uint16/ucr/UWaveGestureLibraryAll.dat,-1,10,16,0,f,8508190,DoubleDelta,0,50.19,2024-08-01T18_40_54
Snappy,5678105,366.35,ucr,701.45,colmajor/uint16/ucr/UWaveGestureLibraryAll.dat,-1,10,16,0,f,8508190,DoubleDelta,0,66.74,2024-08-01T18_40_54
Brotli -1,4235387,184.37,ucr,202.79,colmajor/uint16/ucr/UWaveGestureLibraryAll.dat,-1,10,16,0,f,8508190,DoubleDelta,0,49.78,2024-08-01T18_40_54
Brotli -9,3940666,6.87,ucr,194.92,colmajor/uint16/ucr/UWaveGestureLibraryAll.dat,-1,10,16,0,f,8508190,DoubleDelta,0,46.32,2024-08-01T18_40_54
Zlib -1,637313,67.61,ucr,230.99,colmajor/uint16/ucr/Haptics.dat,-1,10,16,0,f,1015812,DoubleDelta,0,62.74,2024-08-01T18_40_54
Zlib -9,615878,15.71,ucr,235.27,colmajor/uint16/ucr/Haptics.dat,-1,10,16,0,f,1015812,DoubleDelta,0,60.63,2024-08-01T18_40_54
Zstd -1,675969,455.0,ucr,682.19,colmajor/uint16/ucr/Haptics.dat,-1,10,16,0,f,1015812,DoubleDelta,0,66.54,2024-08-01T18_40_54
Zstd -9,571534,23.96,ucr,400.09,colmajor/uint16/ucr/Haptics.dat,-1,10,16,0,f,1015812,DoubleDelta,0,56.26,2024-08-01T18_40_54
LZ4,959784,535.12,ucr,1048.58,colmajor/uint16/ucr/Haptics.dat,-1,10,16,0,f,1015812,DoubleDelta,0,94.48,2024-08-01T18_40_54
LZO -1,945614,501.38,ucr,667.43,colmajor/uint16/ucr/Haptics.dat,-1,10,16,0,f,1015812,DoubleDelta,0,93.09,2024-08-01T18_40_54
LZO -9,945614,502.44,ucr,673.99,colmajor/uint16/ucr/Haptics.dat,-1,10,16,0,f,1015812,DoubleDelta,0,93.09,2024-08-01T18_40_54
Huffman,678428,667.07,ucr,723.33,colmajor/uint16/ucr/Haptics.dat,-1,10,16,0,f,1015812,DoubleDelta,0,66.79,2024-08-01T18_40_54
Snappy,943399,447.17,ucr,879.99,colmajor/uint16/ucr/Haptics.dat,-1,10,16,0,f,1015812,DoubleDelta,0,92.87,2024-08-01T18_40_54
Brotli -1,662369,186.78,ucr,183.22,colmajor/uint16/ucr/Haptics.dat,-1,10,16,0,f,1015812,DoubleDelta,0,65.21,2024-08-01T18_40_54
Brotli -9,563018,10.2,ucr,231.0,colmajor/uint16/ucr/Haptics.dat,-1,10,16,0,f,1015812,DoubleDelta,0,55.43,2024-08-01T18_40_54
Zlib -1,366940,52.48,ucr,226.33,colmajor/uint16/ucr/Strawberry.dat,-1,10,16,0,f,471830,DoubleDelta,0,77.77,2024-08-01T18_40_54
Zlib -9,364128,25.0,ucr,210.39,colmajor/uint16/ucr/Strawberry.dat,-1,10,16,0,f,471830,DoubleDelta,0,77.17,2024-08-01T18_40_54
Zstd -1,356922,379.0,ucr,649.0,colmajor/uint16/ucr/Strawberry.dat,-1,10,16,0,f,471830,DoubleDelta,0,75.65,2024-08-01T18_40_54
Zstd -9,347424,60.33,ucr,477.13,colmajor/uint16/ucr/Strawberry.dat,-1,10,16,0,f,471830,DoubleDelta,0,73.63,2024-08-01T18_40_54
LZ4,470303,857.84,ucr,1430.1,colmajor/uint16/ucr/Strawberry.dat,-1,10,16,0,f,471830,DoubleDelta,0,99.68,2024-08-01T18_40_54
LZO -1,473678,1517.56,ucr,824.96,colmajor/uint16/ucr/Strawberry.dat,-1,10,16,0,f,471830,DoubleDelta,0,100.39,2024-08-01T18_40_54
LZO -9,473678,1195.2,ucr,621.07,colmajor/uint16/ucr/Strawberry.dat,-1,10,16,0,f,471830,DoubleDelta,0,100.39,2024-08-01T18_40_54
Huffman,356706,279.59,ucr,264.52,colmajor/uint16/ucr/Strawberry.dat,-1,10,16,0,f,471830,DoubleDelta,0,75.6,2024-08-01T18_40_54
Snappy,471879,687.21,ucr,584.32,colmajor/uint16/ucr/Strawberry.dat,-1,10,16,0,f,471830,DoubleDelta,0,100.01,2024-08-01T18_40_54
Brotli -1,357503,244.56,ucr,181.26,colmajor/uint16/ucr/Strawberry.dat,-1,10,16,0,f,471830,DoubleDelta,0,75.77,2024-08-01T18_40_54
Brotli -9,349924,9.63,ucr,186.47,colmajor/uint16/ucr/Strawberry.dat,-1,10,16,0,f,471830,DoubleDelta,0,74.16,2024-08-01T18_40_54
Zlib -1,544694,41.19,ucr,223.27,colmajor/uint16/ucr/FaceAll.dat,-1,10,16,0,f,611990,DoubleDelta,0,89.0,2024-08-01T18_40_54
Zlib -9,536324,31.7,ucr,234.37,colmajor/uint16/ucr/FaceAll.dat,-1,10,16,0,f,611990,DoubleDelta,0,87.64,2024-08-01T18_40_54
Zstd -1,534634,321.97,ucr,587.27,colmajor/uint16/ucr/FaceAll.dat,-1,10,16,0,f,611990,DoubleDelta,0,87.36,2024-08-01T18_40_54
Zstd -9,533247,61.97,ucr,583.35,colmajor/uint16/ucr/FaceAll.dat,-1,10,16,0,f,611990,DoubleDelta,0,87.13,2024-08-01T18_40_54
LZ4,604939,749.21,ucr,1426.46,colmajor/uint16/ucr/FaceAll.dat,-1,10,16,0,f,611990,DoubleDelta,0,98.85,2024-08-01T18_40_54
LZO -1,614345,1486.01,ucr,813.55,colmajor/uint16/ucr/FaceAll.dat,-1,10,16,0,f,611990,DoubleDelta,0,100.38,2024-08-01T18_40_54
LZO -9,614345,848.25,ucr,580.89,colmajor/uint16/ucr/FaceAll.dat,-1,10,16,0,f,611990,DoubleDelta,0,100.38,2024-08-01T18_40_54
Huffman,538374,673.14,ucr,585.22,colmajor/uint16/ucr/FaceAll.dat,-1,10,16,0,f,611990,DoubleDelta,0,87.97,2024-08-01T18_40_54
Snappy,611944,1539.53,ucr,1421.35,colmajor/uint16/ucr/FaceAll.dat,-1,10,16,0,f,611990,DoubleDelta,0,99.99,2024-08-01T18_40_54
Brotli -1,536306,227.5,ucr,170.08,colmajor/uint16/ucr/FaceAll.dat,-1,10,16,0,f,611990,DoubleDelta,0,87.63,2024-08-01T18_40_54
Brotli -9,532042,10.43,ucr,173.57,colmajor/uint16/ucr/FaceAll.dat,-1,10,16,0,f,611990,DoubleDelta,0,86.94,2024-08-01T18_40_54
Zlib -1,345326,62.4,ucr,217.6,colmajor/uint16/ucr/WordsSynonyms.dat,-1,10,16,0,f,497740,DoubleDelta,0,69.38,2024-08-01T18_40_54
Zlib -9,339762,17.62,ucr,217.4,colmajor/uint16/ucr/WordsSynonyms.dat,-1,10,16,0,f,497740,DoubleDelta,0,68.26,2024-08-01T18_40_54
Zstd -1,346200,340.5,ucr,653.38,colmajor/uint16/ucr/WordsSynonyms.dat,-1,10,16,0,f,497740,DoubleDelta,0,69.55,2024-08-01T18_40_54
Zstd -9,316447,37.39,ucr,429.16,colmajor/uint16/ucr/WordsSynonyms.dat,-1,10,16,0,f,497740,DoubleDelta,0,63.58,2024-08-01T18_40_54
LZ4,477037,593.06,ucr,1183.29,colmajor/uint16/ucr/WordsSynonyms.dat,-1,10,16,0,f,497740,DoubleDelta,0,95.84,2024-08-01T18_40_54
LZO -1,476798,571.31,ucr,807.25,colmajor/uint16/ucr/WordsSynonyms.dat,-1,10,16,0,f,497740,DoubleDelta,0,95.79,2024-08-01T18_40_54
LZO -9,476798,572.92,ucr,820.87,colmajor/uint16/ucr/WordsSynonyms.dat,-1,10,16,0,f,497740,DoubleDelta,0,95.79,2024-08-01T18_40_54
Huffman,347203,656.51,ucr,698.83,colmajor/uint16/ucr/WordsSynonyms.dat,-1,10,16,0,f,497740,DoubleDelta,0,69.76,2024-08-01T18_40_54
Snappy,477196,581.72,ucr,1011.29,colmajor/uint16/ucr/WordsSynonyms.dat,-1,10,16,0,f,497740,DoubleDelta,0,95.87,2024-08-01T18_40_54
Brotli -1,343276,206.52,ucr,181.15,colmajor/uint16/ucr/WordsSynonyms.dat,-1,10,16,0,f,497740,DoubleDelta,0,68.97,2024-08-01T18_40_54
Brotli -9,312321,9.46,ucr,142.19,colmajor/uint16/ucr/WordsSynonyms.dat,-1,10,16,0,f,497740,DoubleDelta,0,62.75,2024-08-01T18_40_54
Zlib -1,499386,66.78,ucr,215.99,colmajor/uint16/ucr/Symbols.dat,-1,10,16,0,f,822110,DoubleDelta,0,60.74,2024-08-01T18_40_54
Zlib -9,474060,2.84,ucr,222.66,colmajor/uint16/ucr/Symbols.dat,-1,10,16,0,f,822110,DoubleDelta,0,57.66,2024-08-01T18_40_54
Zstd -1,462593,275.98,ucr,530.41,colmajor/uint16/ucr/Symbols.dat,-1,10,16,0,f,822110,DoubleDelta,0,56.27,2024-08-01T18_40_54
Zstd -9,444055,37.29,ucr,470.17,colmajor/uint16/ucr/Symbols.dat,-1,10,16,0,f,822110,DoubleDelta,0,54.01,2024-08-01T18_40_54
LZ4,671319,441.29,ucr,909.95,colmajor/uint16/ucr/Symbols.dat,-1,10,16,0,f,822110,DoubleDelta,0,81.66,2024-08-01T18_40_54
LZO -1,652562,350.33,ucr,472.25,colmajor/uint16/ucr/Symbols.dat,-1,10,16,0,f,822110,DoubleDelta,0,79.38,2024-08-01T18_40_54
LZO -9,652562,349.72,ucr,475.49,colmajor/uint16/ucr/Symbols.dat,-1,10,16,0,f,822110,DoubleDelta,0,79.38,2024-08-01T18_40_54
Huffman,473754,637.92,ucr,711.1,colmajor/uint16/ucr/Symbols.dat,-1,10,16,0,f,822110,DoubleDelta,0,57.63,2024-08-01T18_40_54
Snappy,647489,346.01,ucr,710.08,colmajor/uint16/ucr/Symbols.dat,-1,10,16,0,f,822110,DoubleDelta,0,78.76,2024-08-01T18_40_54
Brotli -1,465137,170.98,ucr,193.5,colmajor/uint16/ucr/Symbols.dat,-1,10,16,0,f,822110,DoubleDelta,0,56.58,2024-08-01T18_40_54
Brotli -9,443469,9.99,ucr,222.96,colmajor/uint16/ucr/Symbols.dat,-1,10,16,0,f,822110,DoubleDelta,0,53.94,2024-08-01T18_40_54
Zlib -1,408871,42.63,ucr,208.13,colmajor/uint16/ucr/Cricket_Y.dat,-1,10,16,0,f,475790,DoubleDelta,0,85.94,2024-08-01T18_40_54
Zlib -9,403140,30.28,ucr,220.52,colmajor/uint16/ucr/Cricket_Y.dat,-1,10,16,0,f,475790,DoubleDelta,0,84.73,2024-08-01T18_40_54
Zstd -1,398992,497.08,ucr,547.04,colmajor/uint16/ucr/Cricket_Y.dat,-1,10,16,0,f,475790,DoubleDelta,0,83.86,2024-08-01T18_40_54
Zstd -9,397903,76.65,ucr,518.97,colmajor/uint16/ucr/Cricket_Y.dat,-1,10,16,0,f,475790,DoubleDelta,0,83.63,2024-08-01T18_40_54
LZ4,475389,941.24,ucr,1414.22,colmajor/uint16/ucr/Cricket_Y.dat,-1,10,16,0,f,475790,DoubleDelta,0,99.92,2024-08-01T18_40_54
LZO -1,477652,1518.99,ucr,1412.33,colmajor/uint16/ucr/Cricket_Y.dat,-1,10,16,0,f,475790,DoubleDelta,0,100.39,2024-08-01T18_40_54
LZO -9,477652,1514.53,ucr,1051.07,colmajor/uint16/ucr/Cricket_Y.dat,-1,10,16,0,f,475790,DoubleDelta,0,100.39,2024-08-01T18_40_54
Huffman,398859,665.89,ucr,338.68,colmajor/uint16/ucr/Cricket_Y.dat,-1,10,16,0,f,475790,DoubleDelta,0,83.83,2024-08-01T18_40_54
Snappy,475819,1520.98,ucr,1105.07,colmajor/uint16/ucr/Cricket_Y.dat,-1,10,16,0,f,475790,DoubleDelta,0,100.01,2024-08-01T18_40_54
Brotli -1,399113,274.9,ucr,172.73,colmajor/uint16/ucr/Cricket_Y.dat,-1,10,16,0,f,475790,DoubleDelta,0,83.88,2024-08-01T18_40_54
Brotli -9,398009,9.76,ucr,174.8,colmajor/uint16/ucr/Cricket_Y.dat,-1,10,16,0,f,475790,DoubleDelta,0,83.65,2024-08-01T18_40_54
Zlib -1,52302,48.17,ucr,214.57,colmajor/uint16/ucr/Plane.dat,-1,10,16,0,f,62570,DoubleDelta,0,83.59,2024-08-01T18_40_54
Zlib -9,51539,30.12,ucr,220.48,colmajor/uint16/ucr/Plane.dat,-1,10,16,0,f,62570,DoubleDelta,0,82.37,2024-08-01T18_40_54
Zstd -1,50424,342.88,ucr,568.32,colmajor/uint16/ucr/Plane.dat,-1,10,16,0,f,62570,DoubleDelta,0,80.59,2024-08-01T18_40_54
Zstd -9,50460,71.81,ucr,511.32,colmajor/uint16/ucr/Plane.dat,-1,10,16,0,f,62570,DoubleDelta,0,80.65,2024-08-01T18_40_54
LZ4,61637,678.99,ucr,563.45,colmajor/uint16/ucr/Plane.dat,-1,10,16,0,f,62570,DoubleDelta,0,98.51,2024-08-01T18_40_54
LZO -1,62758,1343.05,ucr,588.56,colmajor/uint16/ucr/Plane.dat,-1,10,16,0,f,62570,DoubleDelta,0,100.3,2024-08-01T18_40_54
LZO -9,62758,1323.14,ucr,1461.88,colmajor/uint16/ucr/Plane.dat,-1,10,16,0,f,62570,DoubleDelta,0,100.3,2024-08-01T18_40_54
Huffman,50427,613.66,ucr,242.05,colmajor/uint16/ucr/Plane.dat,-1,10,16,0,f,62570,DoubleDelta,0,80.59,2024-08-01T18_40_54
Snappy,62451,916.67,ucr,588.06,colmajor/uint16/ucr/Plane.dat,-1,10,16,0,f,62570,DoubleDelta,0,99.81,2024-08-01T18_40_54
Brotli -1,50503,244.81,ucr,72.08,colmajor/uint16/ucr/Plane.dat,-1,10,16,0,f,62570,DoubleDelta,0,80.71,2024-08-01T18_40_54
Brotli -9,50466,3.6,ucr,179.43,colmajor/uint16/ucr/Plane.dat,-1,10,16,0,f,62570,DoubleDelta,0,80.66,2024-08-01T18_40_54
Zlib -1,43886,56.68,ucr,222.4,colmajor/uint16/ucr/Beef.dat,-1,10,16,0,f,56990,DoubleDelta,0,77.01,2024-08-01T18_40_54
Zlib -9,43553,28.49,ucr,207.72,colmajor/uint16/ucr/Beef.dat,-1,10,16,0,f,56990,DoubleDelta,0,76.42,2024-08-01T18_40_54
Zstd -1,42483,581.03,ucr,638.35,colmajor/uint16/ucr/Beef.dat,-1,10,16,0,f,56990,DoubleDelta,0,74.54,2024-08-01T18_40_54
Zstd -9,42263,71.75,ucr,511.12,colmajor/uint16/ucr/Beef.dat,-1,10,16,0,f,56990,DoubleDelta,0,74.16,2024-08-01T18_40_54
LZ4,56142,690.91,ucr,560.86,colmajor/uint16/ucr/Beef.dat,-1,10,16,0,f,56990,DoubleDelta,0,98.51,2024-08-01T18_40_54
LZO -1,57219,1192.98,ucr,593.96,colmajor/uint16/ucr/Beef.dat,-1,10,16,0,f,56990,DoubleDelta,0,100.4,2024-08-01T18_40_54
LZO -9,57219,1194.78,ucr,596.39,colmajor/uint16/ucr/Beef.dat,-1,10,16,0,f,56990,DoubleDelta,0,100.4,2024-08-01T18_40_54
Huffman,42464,498.45,ucr,262.86,colmajor/uint16/ucr/Beef.dat,-1,10,16,0,f,56990,DoubleDelta,0,74.51,2024-08-01T18_40_54
Snappy,56996,1227.49,ucr,595.82,colmajor/uint16/ucr/Beef.dat,-1,10,16,0,f,56990,DoubleDelta,0,100.01,2024-08-01T18_40_54
Brotli -1,42504,111.48,ucr,72.73,colmajor/uint16/ucr/Beef.dat,-1,10,16,0,f,56990,DoubleDelta,0,74.58,2024-08-01T18_40_54
Brotli -9,42338,3.31,ucr,182.84,colmajor/uint16/ucr/Beef.dat,-1,10,16,0,f,56990,DoubleDelta,0,74.29,2024-08-01T18_40_54
Zlib -1,335094,48.88,ucr,243.62,colmajor/uint16/ucr/PhalangesOutlinesCorrect.dat,-1,10,16,0,f,451850,DoubleDelta,0,74.16,2024-08-01T18_40_54
Zlib -9,326626,20.1,ucr,259.79,colmajor/uint16/ucr/PhalangesOutlinesCorrect.dat,-1,10,16,0,f,451850,DoubleDelta,0,72.29,2024-08-01T18_40_54
Zstd -1,325588,321.01,ucr,573.14,colmajor/uint16/ucr/PhalangesOutlinesCorrect.dat,-1,10,16,0,f,451850,DoubleDelta,0,72.06,2024-08-01T18_40_54
Zstd -9,323731,75.35,ucr,611.11,colmajor/uint16/ucr/PhalangesOutlinesCorrect.dat,-1,10,16,0,f,451850,DoubleDelta,0,71.65,2024-08-01T18_40_54
LZ4,384773,663.88,ucr,729.15,colmajor/uint16/ucr/PhalangesOutlinesCorrect.dat,-1,10,16,0,f,451850,DoubleDelta,0,85.16,2024-08-01T18_40_54
LZO -1,387134,606.26,ucr,714.31,colmajor/uint16/ucr/PhalangesOutlinesCorrect.dat,-1,10,16,0,f,451850,DoubleDelta,0,85.68,2024-08-01T18_40_54
LZO -9,387134,628.13,ucr,716.37,colmajor/uint16/ucr/PhalangesOutlinesCorrect.dat,-1,10,16,0,f,451850,DoubleDelta,0,85.68,2024-08-01T18_40_54
Huffman,349287,368.0,ucr,298.56,colmajor/uint16/ucr/PhalangesOutlinesCorrect.dat,-1,10,16,0,f,451850,DoubleDelta,0,77.3,2024-08-01T18_40_54
Snappy,386150,668.75,ucr,684.72,colmajor/uint16/ucr/PhalangesOutlinesCorrect.dat,-1,10,16,0,f,451850,DoubleDelta,0,85.46,2024-08-01T18_40_54
Brotli -1,329155,235.8,ucr,196.92,colmajor/uint16/ucr/PhalangesOutlinesCorrect.dat,-1,10,16,0,f,451850,DoubleDelta,0,72.85,2024-08-01T18_40_54
Brotli -9,322814,10.99,ucr,206.67,colmajor/uint16/ucr/PhalangesOutlinesCorrect.dat,-1,10,16,0,f,451850,DoubleDelta,0,71.44,2024-08-01T18_40_54
Zlib -1,89509,48.3,ucr,208.93,colmajor/uint16/ucr/ToeSegmentation2.dat,-1,10,16,0,f,115526,DoubleDelta,0,77.48,2024-08-01T18_40_54
Zlib -9,87937,24.64,ucr,204.83,colmajor/uint16/ucr/ToeSegmentation2.dat,-1,10,16,0,f,115526,DoubleDelta,0,76.12,2024-08-01T18_40_54
Zstd -1,87992,398.01,ucr,582.46,colmajor/uint16/ucr/ToeSegmentation2.dat,-1,10,16,0,f,115526,DoubleDelta,0,76.17,2024-08-01T18_40_54
Zstd -9,86881,59.29,ucr,523.87,colmajor/uint16/ucr/ToeSegmentation2.dat,-1,10,16,0,f,115526,DoubleDelta,0,75.2,2024-08-01T18_40_54
LZ4,111169,865.56,ucr,571.66,colmajor/uint16/ucr/ToeSegmentation2.dat,-1,10,16,0,f,115526,DoubleDelta,0,96.23,2024-08-01T18_40_54
LZO -1,110916,455.46,ucr,519.53,colmajor/uint16/ucr/ToeSegmentation2.dat,-1,10,16,0,f,115526,DoubleDelta,0,96.01,2024-08-01T18_40_54
LZO -9,110916,846.98,ucr,504.9,colmajor/uint16/ucr/ToeSegmentation2.dat,-1,10,16,0,f,115526,DoubleDelta,0,96.01,2024-08-01T18_40_54
Huffman,90488,520.91,ucr,238.52,colmajor/uint16/ucr/ToeSegmentation2.dat,-1,10,16,0,f,115526,DoubleDelta,0,78.33,2024-08-01T18_40_54
Snappy,110985,1047.11,ucr,1283.21,colmajor/uint16/ucr/ToeSegmentation2.dat,-1,10,16,0,f,115526,DoubleDelta,0,96.07,2024-08-01T18_40_54
Brotli -1,88653,198.9,ucr,74.54,colmajor/uint16/ucr/ToeSegmentation2.dat,-1,10,16,0,f,115526,DoubleDelta,0,76.74,2024-08-01T18_40_54
Brotli -9,86362,5.6,ucr,178.95,colmajor/uint16/ucr/ToeSegmentation2.dat,-1,10,16,0,f,115526,DoubleDelta,0,74.76,2024-08-01T18_40_54
Zlib -1,410344,42.36,ucr,210.49,colmajor/uint16/ucr/Cricket_Z.dat,-1,10,16,0,f,475790,DoubleDelta,0,86.24,2024-08-01T18_40_54
Zlib -9,404551,30.39,ucr,221.3,colmajor/uint16/ucr/Cricket_Z.dat,-1,10,16,0,f,475790,DoubleDelta,0,85.03,2024-08-01T18_40_54
Zstd -1,400409,486.77,ucr,546.66,colmajor/uint16/ucr/Cricket_Z.dat,-1,10,16,0,f,475790,DoubleDelta,0,84.16,2024-08-01T18_40_54
Zstd -9,399699,81.34,ucr,521.51,colmajor/uint16/ucr/Cricket_Z.dat,-1,10,16,0,f,475790,DoubleDelta,0,84.01,2024-08-01T18_40_54
LZ4,475461,951.96,ucr,1166.7,colmajor/uint16/ucr/Cricket_Z.dat,-1,10,16,0,f,475790,DoubleDelta,0,99.93,2024-08-01T18_40_54
LZO -1,477656,1224.75,ucr,562.53,colmajor/uint16/ucr/Cricket_Z.dat,-1,10,16,0,f,475790,DoubleDelta,0,100.39,2024-08-01T18_40_54
LZO -9,477656,677.75,ucr,575.76,colmajor/uint16/ucr/Cricket_Z.dat,-1,10,16,0,f,475790,DoubleDelta,0,100.39,2024-08-01T18_40_54
Huffman,400332,270.53,ucr,223.77,colmajor/uint16/ucr/Cricket_Z.dat,-1,10,16,0,f,475790,DoubleDelta,0,84.14,2024-08-01T18_40_54
Snappy,475823,695.48,ucr,598.11,colmajor/uint16/ucr/Cricket_Z.dat,-1,10,16,0,f,475790,DoubleDelta,0,100.01,2024-08-01T18_40_54
Brotli -1,400556,277.9,ucr,173.46,colmajor/uint16/ucr/Cricket_Z.dat,-1,10,16,0,f,475790,DoubleDelta,0,84.19,2024-08-01T18_40_54
Brotli -9,399857,10.56,ucr,175.13,colmajor/uint16/ucr/Cricket_Z.dat,-1,10,16,0,f,475790,DoubleDelta,0,84.04,2024-08-01T18_40_54
Zlib -1,125273,44.51,ucr,219.85,colmajor/uint16/ucr/ToeSegmentation1.dat,-1,10,16,0,f,151142,DoubleDelta,0,82.88,2024-08-01T18_40_54
Zlib -9,123404,32.59,ucr,230.48,colmajor/uint16/ucr/ToeSegmentation1.dat,-1,10,16,0,f,151142,DoubleDelta,0,81.65,2024-08-01T18_40_54
Zstd -1,119939,353.15,ucr,540.46,colmajor/uint16/ucr/ToeSegmentation1.dat,-1,10,16,0,f,151142,DoubleDelta,0,79.36,2024-08-01T18_40_54
Zstd -9,119352,88.71,ucr,530.84,colmajor/uint16/ucr/ToeSegmentation1.dat,-1,10,16,0,f,151142,DoubleDelta,0,78.97,2024-08-01T18_40_54
LZ4,144416,955.46,ucr,1472.36,colmajor/uint16/ucr/ToeSegmentation1.dat,-1,10,16,0,f,151142,DoubleDelta,0,95.55,2024-08-01T18_40_54
LZO -1,151739,1526.76,ucr,1474.07,colmajor/uint16/ucr/ToeSegmentation1.dat,-1,10,16,0,f,151142,DoubleDelta,0,100.39,2024-08-01T18_40_54
LZO -9,151739,1534.51,ucr,594.91,colmajor/uint16/ucr/ToeSegmentation1.dat,-1,10,16,0,f,151142,DoubleDelta,0,100.39,2024-08-01T18_40_54
Huffman,127070,511.75,ucr,313.4,colmajor/uint16/ucr/ToeSegmentation1.dat,-1,10,16,0,f,151142,DoubleDelta,0,84.07,2024-08-01T18_40_54
Snappy,151152,1547.25,ucr,593.11,colmajor/uint16/ucr/ToeSegmentation1.dat,-1,10,16,0,f,151142,DoubleDelta,0,100.01,2024-08-01T18_40_54
Brotli -1,119745,280.39,ucr,188.41,colmajor/uint16/ucr/ToeSegmentation1.dat,-1,10,16,0,f,151142,DoubleDelta,0,79.23,2024-08-01T18_40_54
Brotli -9,119362,7.01,ucr,191.38,colmajor/uint16/ucr/ToeSegmentation1.dat,-1,10,16,0,f,151142,DoubleDelta,0,78.97,2024-08-01T18_40_54
Zlib -1,239281,46.21,ucr,259.41,colmajor/uint16/ucr/CBF.dat,-1,10,16,0,f,247370,DoubleDelta,0,96.73,2024-08-01T18_40_54
Zlib -9,237407,40.55,ucr,265.95,colmajor/uint16/ucr/CBF.dat,-1,10,16,0,f,247370,DoubleDelta,0,95.97,2024-08-01T18_40_54
Zstd -1,238373,314.81,ucr,609.46,colmajor/uint16/ucr/CBF.dat,-1,10,16,0,f,247370,DoubleDelta,0,96.36,2024-08-01T18_40_54
Zstd -9,237034,68.28,ucr,611.17,colmajor/uint16/ucr/CBF.dat,-1,10,16,0,f,247370,DoubleDelta,0,95.82,2024-08-01T18_40_54
LZ4,244959,758.19,ucr,1460.19,colmajor/uint16/ucr/CBF.dat,-1,10,16,0,f,247370,DoubleDelta,0,99.03,2024-08-01T18_40_54
LZO -1,248010,1257.79,ucr,590.5,colmajor/uint16/ucr/CBF.dat,-1,10,16,0,f,247370,DoubleDelta,0,100.26,2024-08-01T18_40_54
LZO -9,248010,514.28,ucr,589.88,colmajor/uint16/ucr/CBF.dat,-1,10,16,0,f,247370,DoubleDelta,0,100.26,2024-08-01T18_40_54
Huffman,240996,270.83,ucr,253.01,colmajor/uint16/ucr/CBF.dat,-1,10,16,0,f,247370,DoubleDelta,0,97.42,2024-08-01T18_40_54
Snappy,247690,541.23,ucr,595.86,colmajor/uint16/ucr/CBF.dat,-1,10,16,0,f,247370,DoubleDelta,0,100.13,2024-08-01T18_40_54
Brotli -1,239348,138.17,ucr,158.62,colmajor/uint16/ucr/CBF.dat,-1,10,16,0,f,247370,DoubleDelta,0,96.76,2024-08-01T18_40_54
Brotli -9,236488,8.84,ucr,164.41,colmajor/uint16/ucr/CBF.dat,-1,10,16,0,f,247370,DoubleDelta,0,95.6,2024-08-01T18_40_54
Zlib -1,1445339,78.7,ucr,235.07,colmajor/uint16/ucr/uWaveGestureLibrary_X.dat,-1,10,16,0,f,2865910,DoubleDelta,0,50.43,2024-08-01T18_40_54
Zlib -9,1349895,3.11,ucr,246.22,colmajor/uint16/ucr/uWaveGestureLibrary_X.dat,-1,10,16,0,f,2865910,DoubleDelta,0,47.1,2024-08-01T18_40_54
Zstd -1,1334747,303.77,ucr,548.87,colmajor/uint16/ucr/uWaveGestureLibrary_X.dat,-1,10,16,0,f,2865910,DoubleDelta,0,46.57,2024-08-01T18_40_54
Zstd -9,1282741,34.72,ucr,493.21,colmajor/uint16/ucr/uWaveGestureLibrary_X.dat,-1,10,16,0,f,2865910,DoubleDelta,0,44.76,2024-08-01T18_40_54
LZ4,1934779,454.31,ucr,907.89,colmajor/uint16/ucr/uWaveGestureLibrary_X.dat,-1,10,16,0,f,2865910,DoubleDelta,0,67.51,2024-08-01T18_40_54
LZO -1,1892773,370.82,ucr,478.69,colmajor/uint16/ucr/uWaveGestureLibrary_X.dat,-1,10,16,0,f,2865910,DoubleDelta,0,66.04,2024-08-01T18_40_54
LZO -9,1892773,372.16,ucr,476.95,colmajor/uint16/ucr/uWaveGestureLibrary_X.dat,-1,10,16,0,f,2865910,DoubleDelta,0,66.04,2024-08-01T18_40_54
Huffman,1364835,636.93,ucr,698.18,colmajor/uint16/ucr/uWaveGestureLibrary_X.dat,-1,10,16,0,f,2865910,DoubleDelta,0,47.62,2024-08-01T18_40_54
Snappy,1881916,354.13,ucr,688.71,colmajor/uint16/ucr/uWaveGestureLibrary_X.dat,-1,10,16,0,f,2865910,DoubleDelta,0,65.67,2024-08-01T18_40_54
Brotli -1,1356121,184.61,ucr,207.59,colmajor/uint16/ucr/uWaveGestureLibrary_X.dat,-1,10,16,0,f,2865910,DoubleDelta,0,47.32,2024-08-01T18_40_54
Brotli -9,1249052,10.05,ucr,208.3,colmajor/uint16/ucr/uWaveGestureLibrary_X.dat,-1,10,16,0,f,2865910,DoubleDelta,0,43.58,2024-08-01T18_40_54
Zlib -1,1010731,86.92,ucr,247.63,colmajor/uint16/ucr/wafer.dat,-1,10,16,0,f,2249486,DoubleDelta,0,44.93,2024-08-01T18_40_54
Zlib -9,913663,3.42,ucr,261.8,colmajor/uint16/ucr/wafer.dat,-1,10,16,0,f,2249486,DoubleDelta,0,40.62,2024-08-01T18_40_54
Zstd -1,953025,291.86,ucr,518.71,colmajor/uint16/ucr/wafer.dat,-1,10,16,0,f,2249486,DoubleDelta,0,42.37,2024-08-01T18_40_54
Zstd -9,851031,40.02,ucr,557.17,colmajor/uint16/ucr/wafer.dat,-1,10,16,0,f,2249486,DoubleDelta,0,37.83,2024-08-01T18_40_54
LZ4,1283598,419.5,ucr,891.49,colmajor/uint16/ucr/wafer.dat,-1,10,16,0,f,2249486,DoubleDelta,0,57.06,2024-08-01T18_40_54
LZO -1,1273184,386.96,ucr,460.11,colmajor/uint16/ucr/wafer.dat,-1,10,16,0,f,2249486,DoubleDelta,0,56.6,2024-08-01T18_40_54
LZO -9,1273184,386.56,ucr,459.1,colmajor/uint16/ucr/wafer.dat,-1,10,16,0,f,2249486,DoubleDelta,0,56.6,2024-08-01T18_40_54
Huffman,1103028,640.46,ucr,688.07,colmajor/uint16/ucr/wafer.dat,-1,10,16,0,f,2249486,DoubleDelta,0,49.03,2024-08-01T18_40_54
Snappy,1248705,347.82,ucr,670.99,colmajor/uint16/ucr/wafer.dat,-1,10,16,0,f,2249486,DoubleDelta,0,55.51,2024-08-01T18_40_54
Brotli -1,943933,189.41,ucr,232.17,colmajor/uint16/ucr/wafer.dat,-1,10,16,0,f,2249486,DoubleDelta,0,41.96,2024-08-01T18_40_54
Brotli -9,820414,11.8,ucr,308.88,colmajor/uint16/ucr/wafer.dat,-1,10,16,0,f,2249486,DoubleDelta,0,36.47,2024-08-01T18_40_54
Zlib -1,181216,53.38,ucr,218.05,colmajor/uint16/ucr/MedicalImages.dat,-1,10,16,0,f,237318,DoubleDelta,0,76.36,2024-08-01T18_40_54
Zlib -9,176805,21.26,ucr,226.38,colmajor/uint16/ucr/MedicalImages.dat,-1,10,16,0,f,237318,DoubleDelta,0,74.5,2024-08-01T18_40_54
Zstd -1,176769,280.74,ucr,590.84,colmajor/uint16/ucr/MedicalImages.dat,-1,10,16,0,f,237318,DoubleDelta,0,74.49,2024-08-01T18_40_54
Zstd -9,167820,44.84,ucr,446.21,colmajor/uint16/ucr/MedicalImages.dat,-1,10,16,0,f,237318,DoubleDelta,0,70.72,2024-08-01T18_40_54
LZ4,230169,628.94,ucr,1388.14,colmajor/uint16/ucr/MedicalImages.dat,-1,10,16,0,f,237318,DoubleDelta,0,96.99,2024-08-01T18_40_54
LZO -1,228129,618.93,ucr,389.0,colmajor/uint16/ucr/MedicalImages.dat,-1,10,16,0,f,237318,DoubleDelta,0,96.13,2024-08-01T18_40_54
LZO -9,228129,273.81,ucr,455.76,colmajor/uint16/ucr/MedicalImages.dat,-1,10,16,0,f,237318,DoubleDelta,0,96.13,2024-08-01T18_40_54
Huffman,178026,533.42,ucr,257.16,colmajor/uint16/ucr/MedicalImages.dat,-1,10,16,0,f,237318,DoubleDelta,0,75.02,2024-08-01T18_40_54
Snappy,225662,220.85,ucr,432.29,colmajor/uint16/ucr/MedicalImages.dat,-1,10,16,0,f,237318,DoubleDelta,0,95.09,2024-08-01T18_40_54
Brotli -1,176316,118.48,ucr,99.9,colmajor/uint16/ucr/MedicalImages.dat,-1,10,16,0,f,237318,DoubleDelta,0,74.3,2024-08-01T18_40_54
Brotli -9,166262,8.62,ucr,187.81,colmajor/uint16/ucr/MedicalImages.dat,-1,10,16,0,f,237318,DoubleDelta,0,70.06,2024-08-01T18_40_54
Zlib -1,109618,51.96,ucr,255.74,colmajor/uint16/ucr/ProximalPhalanxOutlineCorrect.dat,-1,10,16,0,f,151460,DoubleDelta,0,72.37,2024-08-01T18_40_54
Zlib -9,106868,21.12,ucr,273.47,colmajor/uint16/ucr/ProximalPhalanxOutlineCorrect.dat,-1,10,16,0,f,151460,DoubleDelta,0,70.56,2024-08-01T18_40_54
Zstd -1,106605,300.83,ucr,646.08,colmajor/uint16/ucr/ProximalPhalanxOutlineCorrect.dat,-1,10,16,0,f,151460,DoubleDelta,0,70.38,2024-08-01T18_40_54
Zstd -9,106082,80.93,ucr,653.79,colmajor/uint16/ucr/ProximalPhalanxOutlineCorrect.dat,-1,10,16,0,f,151460,DoubleDelta,0,70.04,2024-08-01T18_40_54
LZ4,125028,666.59,ucr,1305.82,colmajor/uint16/ucr/ProximalPhalanxOutlineCorrect.dat,-1,10,16,0,f,151460,DoubleDelta,0,82.55,2024-08-01T18_40_54
LZO -1,125836,875.16,ucr,543.81,colmajor/uint16/ucr/ProximalPhalanxOutlineCorrect.dat,-1,10,16,0,f,151460,DoubleDelta,0,83.08,2024-08-01T18_40_54
LZO -9,125836,352.49,ucr,545.07,colmajor/uint16/ucr/ProximalPhalanxOutlineCorrect.dat,-1,10,16,0,f,151460,DoubleDelta,0,83.08,2024-08-01T18_40_54
Huffman,115273,253.67,ucr,217.71,colmajor/uint16/ucr/ProximalPhalanxOutlineCorrect.dat,-1,10,16,0,f,151460,DoubleDelta,0,76.11,2024-08-01T18_40_54
Snappy,125390,667.5,ucr,506.3,colmajor/uint16/ucr/ProximalPhalanxOutlineCorrect.dat,-1,10,16,0,f,151460,DoubleDelta,0,82.79,2024-08-01T18_40_54
Brotli -1,107722,248.75,ucr,112.73,colmajor/uint16/ucr/ProximalPhalanxOutlineCorrect.dat,-1,10,16,0,f,151460,DoubleDelta,0,71.12,2024-08-01T18_40_54
Brotli -9,105610,7.08,ucr,213.97,colmajor/uint16/ucr/ProximalPhalanxOutlineCorrect.dat,-1,10,16,0,f,151460,DoubleDelta,0,69.73,2024-08-01T18_40_54
Zlib -1,1497126,74.96,ucr,226.95,colmajor/uint16/ucr/uWaveGestureLibrary_Z.dat,-1,10,16,0,f,2865910,DoubleDelta,0,52.24,2024-08-01T18_40_54
Zlib -9,1401705,3.19,ucr,241.86,colmajor/uint16/ucr/uWaveGestureLibrary_Z.dat,-1,10,16,0,f,2865910,DoubleDelta,0,48.91,2024-08-01T18_40_54
Zstd -1,1380114,304.81,ucr,547.68,colmajor/uint16/ucr/uWaveGestureLibrary_Z.dat,-1,10,16,0,f,2865910,DoubleDelta,0,48.16,2024-08-01T18_40_54
Zstd -9,1335130,35.14,ucr,494.69,colmajor/uint16/ucr/uWaveGestureLibrary_Z.dat,-1,10,16,0,f,2865910,DoubleDelta,0,46.59,2024-08-01T18_40_54
LZ4,1982166,462.44,ucr,921.57,colmajor/uint16/ucr/uWaveGestureLibrary_Z.dat,-1,10,16,0,f,2865910,DoubleDelta,0,69.16,2024-08-01T18_40_54
LZO -1,1946317,378.05,ucr,489.3,colmajor/uint16/ucr/uWaveGestureLibrary_Z.dat,-1,10,16,0,f,2865910,DoubleDelta,0,67.91,2024-08-01T18_40_54
LZO -9,1946317,378.63,ucr,489.97,colmajor/uint16/ucr/uWaveGestureLibrary_Z.dat,-1,10,16,0,f,2865910,DoubleDelta,0,67.91,2024-08-01T18_40_54
Huffman,1407649,638.46,ucr,677.53,colmajor/uint16/ucr/uWaveGestureLibrary_Z.dat,-1,10,16,0,f,2865910,DoubleDelta,0,49.12,2024-08-01T18_40_54
Snappy,1930783,366.08,ucr,702.55,colmajor/uint16/ucr/uWaveGestureLibrary_Z.dat,-1,10,16,0,f,2865910,DoubleDelta,0,67.37,2024-08-01T18_40_54
Brotli -1,1403356,184.22,ucr,207.14,colmajor/uint16/ucr/uWaveGestureLibrary_Z.dat,-1,10,16,0,f,2865910,DoubleDelta,0,48.97,2024-08-01T18_40_54
Brotli -9,1319415,9.76,ucr,258.76,colmajor/uint16/ucr/uWaveGestureLibrary_Z.dat,-1,10,16,0,f,2865910,DoubleDelta,0,46.04,2024-08-01T18_40_54
Zlib -1,310031,140.1,ucr,332.93,colmajor/uint16/ucr/RefrigerationDevices.dat,-1,10,16,0,f,1087490,DoubleDelta,0,28.51,2024-08-01T18_40_54
Zlib -9,275705,7.63,ucr,363.9,colmajor/uint16/ucr/RefrigerationDevices.dat,-1,10,16,0,f,1087490,DoubleDelta,0,25.35,2024-08-01T18_40_54
Zstd -1,317317,362.88,ucr,581.8,colmajor/uint16/ucr/RefrigerationDevices.dat,-1,10,16,0,f,1087490,DoubleDelta,0,29.18,2024-08-01T18_40_54
Zstd -9,284261,83.92,ucr,641.86,colmajor/uint16/ucr/RefrigerationDevices.dat,-1,10,16,0,f,1087490,DoubleDelta,0,26.14,2024-08-01T18_40_54
LZ4,383904,513.11,ucr,941.24,colmajor/uint16/ucr/RefrigerationDevices.dat,-1,10,16,0,f,1087490,DoubleDelta,0,35.3,2024-08-01T18_40_54
LZO -1,378402,505.71,ucr,570.17,colmajor/uint16/ucr/RefrigerationDevices.dat,-1,10,16,0,f,1087490,DoubleDelta,0,34.8,2024-08-01T18_40_54
LZO -9,378402,501.76,ucr,570.32,colmajor/uint16/ucr/RefrigerationDevices.dat,-1,10,16,0,f,1087490,DoubleDelta,0,34.8,2024-08-01T18_40_54
Huffman,610104,637.67,ucr,604.65,colmajor/uint16/ucr/RefrigerationDevices.dat,-1,10,16,0,f,1087490,DoubleDelta,0,56.1,2024-08-01T18_40_54
Snappy,370523,446.36,ucr,786.01,colmajor/uint16/ucr/RefrigerationDevices.dat,-1,10,16,0,f,1087490,DoubleDelta,0,34.07,2024-08-01T18_40_54
Brotli -1,313141,267.78,ucr,297.07,colmajor/uint16/ucr/RefrigerationDevices.dat,-1,10,16,0,f,1087490,DoubleDelta,0,28.79,2024-08-01T18_40_54
Brotli -9,277565,18.98,ucr,339.65,colmajor/uint16/ucr/RefrigerationDevices.dat,-1,10,16,0,f,1087490,DoubleDelta,0,25.52,2024-08-01T18_40_54
Zlib -1,31436,52.91,ucr,199.88,colmajor/uint16/ucr/BirdChicken.dat,-1,10,16,0,f,41350,DoubleDelta,0,76.02,2024-08-01T18_40_54
Zlib -9,30852,27.97,ucr,199.43,colmajor/uint16/ucr/BirdChicken.dat,-1,10,16,0,f,41350,DoubleDelta,0,74.61,2024-08-01T18_40_54
Zstd -1,30888,488.37,ucr,209.99,colmajor/uint16/ucr/BirdChicken.dat,-1,10,16,0,f,41350,DoubleDelta,0,74.7,2024-08-01T18_40_54
Zstd -9,30391,74.76,ucr,369.69,colmajor/uint16/ucr/BirdChicken.dat,-1,10,16,0,f,41350,DoubleDelta,0,73.5,2024-08-01T18_40_54
LZ4,39644,608.29,ucr,1002.47,colmajor/uint16/ucr/BirdChicken.dat,-1,10,16,0,f,41350,DoubleDelta,0,95.87,2024-08-01T18_40_54
LZO -1,41517,1548.69,ucr,1477.68,colmajor/uint16/ucr/BirdChicken.dat,-1,10,16,0,f,41350,DoubleDelta,0,100.4,2024-08-01T18_40_54
LZO -9,41517,1542.8,ucr,1473.52,colmajor/uint16/ucr/BirdChicken.dat,-1,10,16,0,f,41350,DoubleDelta,0,100.4,2024-08-01T18_40_54
Huffman,31080,616.56,ucr,456.55,colmajor/uint16/ucr/BirdChicken.dat,-1,10,16,0,f,41350,DoubleDelta,0,75.16,2024-08-01T18_40_54
Snappy,41356,1225.8,ucr,1202.21,colmajor/uint16/ucr/BirdChicken.dat,-1,10,16,0,f,41350,DoubleDelta,0,100.01,2024-08-01T18_40_54
Brotli -1,31119,226.68,ucr,141.56,colmajor/uint16/ucr/BirdChicken.dat,-1,10,16,0,f,41350,DoubleDelta,0,75.26,2024-08-01T18_40_54
Brotli -9,30303,2.53,ucr,173.28,colmajor/uint16/ucr/BirdChicken.dat,-1,10,16,0,f,41350,DoubleDelta,0,73.28,2024-08-01T18_40_54
Zlib -1,116558,48.26,ucr,246.64,colmajor/uint16/ucr/MiddlePhalanxOutlineCorrect.dat,-1,10,16,0,f,151460,DoubleDelta,0,76.96,2024-08-01T18_40_54
Zlib -9,114034,24.97,ucr,265.64,colmajor/uint16/ucr/MiddlePhalanxOutlineCorrect.dat,-1,10,16,0,f,151460,DoubleDelta,0,75.29,2024-08-01T18_40_54
Zstd -1,114000,292.74,ucr,507.47,colmajor/uint16/ucr/MiddlePhalanxOutlineCorrect.dat,-1,10,16,0,f,151460,DoubleDelta,0,75.27,2024-08-01T18_40_54
Zstd -9,113335,78.7,ucr,629.71,colmajor/uint16/ucr/MiddlePhalanxOutlineCorrect.dat,-1,10,16,0,f,151460,DoubleDelta,0,74.83,2024-08-01T18_40_54
LZ4,132808,668.54,ucr,1353.65,colmajor/uint16/ucr/MiddlePhalanxOutlineCorrect.dat,-1,10,16,0,f,151460,DoubleDelta,0,87.69,2024-08-01T18_40_54
LZO -1,134042,890.52,ucr,549.47,colmajor/uint16/ucr/MiddlePhalanxOutlineCorrect.dat,-1,10,16,0,f,151460,DoubleDelta,0,88.5,2024-08-01T18_40_54
LZO -9,134042,889.16,ucr,776.69,colmajor/uint16/ucr/MiddlePhalanxOutlineCorrect.dat,-1,10,16,0,f,151460,DoubleDelta,0,88.5,2024-08-01T18_40_54
Huffman,120530,635.27,ucr,211.89,colmajor/uint16/ucr/MiddlePhalanxOutlineCorrect.dat,-1,10,16,0,f,151460,DoubleDelta,0,79.58,2024-08-01T18_40_54
Snappy,133388,874.15,ucr,524.79,colmajor/uint16/ucr/MiddlePhalanxOutlineCorrect.dat,-1,10,16,0,f,151460,DoubleDelta,0,88.07,2024-08-01T18_40_54
Brotli -1,114923,195.61,ucr,110.66,colmajor/uint16/ucr/MiddlePhalanxOutlineCorrect.dat,-1,10,16,0,f,151460,DoubleDelta,0,75.88,2024-08-01T18_40_54
Brotli -9,112909,6.97,ucr,204.64,colmajor/uint16/ucr/MiddlePhalanxOutlineCorrect.dat,-1,10,16,0,f,151460,DoubleDelta,0,74.55,2024-08-01T18_40_54
Zlib -1,147276,61.41,ucr,204.82,colmajor/uint16/ucr/DiatomSizeReduction.dat,-1,10,16,0,f,225390,DoubleDelta,0,65.34,2024-08-01T18_40_54
Zlib -9,140183,8.5,ucr,200.48,colmajor/uint16/ucr/DiatomSizeReduction.dat,-1,10,16,0,f,225390,DoubleDelta,0,62.2,2024-08-01T18_40_54
Zstd -1,139881,248.3,ucr,526.26,colmajor/uint16/ucr/DiatomSizeReduction.dat,-1,10,16,0,f,225390,DoubleDelta,0,62.06,2024-08-01T18_40_54
Zstd -9,135634,28.65,ucr,450.31,colmajor/uint16/ucr/DiatomSizeReduction.dat,-1,10,16,0,f,225390,DoubleDelta,0,60.18,2024-08-01T18_40_54
LZ4,195978,448.7,ucr,1011.31,colmajor/uint16/ucr/DiatomSizeReduction.dat,-1,10,16,0,f,225390,DoubleDelta,0,86.95,2024-08-01T18_40_54
LZO -1,193424,346.92,ucr,521.07,colmajor/uint16/ucr/DiatomSizeReduction.dat,-1,10,16,0,f,225390,DoubleDelta,0,85.82,2024-08-01T18_40_54
LZO -9,193424,345.37,ucr,525.14,colmajor/uint16/ucr/DiatomSizeReduction.dat,-1,10,16,0,f,225390,DoubleDelta,0,85.82,2024-08-01T18_40_54
Huffman,144477,633.78,ucr,272.73,colmajor/uint16/ucr/DiatomSizeReduction.dat,-1,10,16,0,f,225390,DoubleDelta,0,64.1,2024-08-01T18_40_54
Snappy,191810,144.74,ucr,298.78,colmajor/uint16/ucr/DiatomSizeReduction.dat,-1,10,16,0,f,225390,DoubleDelta,0,85.1,2024-08-01T18_40_54
Brotli -1,140843,182.92,ucr,180.68,colmajor/uint16/ucr/DiatomSizeReduction.dat,-1,10,16,0,f,225390,DoubleDelta,0,62.49,2024-08-01T18_40_54
Brotli -9,134260,7.43,ucr,198.63,colmajor/uint16/ucr/DiatomSizeReduction.dat,-1,10,16,0,f,225390,DoubleDelta,0,59.57,2024-08-01T18_40_54
Zlib -1,68214,53.02,ucr,233.68,colmajor/uint16/ucr/DistalPhalanxTW.dat,-1,10,16,0,f,91620,DoubleDelta,0,74.45,2024-08-01T18_40_54
Zlib -9,66726,18.67,ucr,270.98,colmajor/uint16/ucr/DistalPhalanxTW.dat,-1,10,16,0,f,91620,DoubleDelta,0,72.83,2024-08-01T18_40_54
Zstd -1,66839,349.06,ucr,257.14,colmajor/uint16/ucr/DistalPhalanxTW.dat,-1,10,16,0,f,91620,DoubleDelta,0,72.95,2024-08-01T18_40_54
Zstd -9,66306,75.15,ucr,647.33,colmajor/uint16/ucr/DistalPhalanxTW.dat,-1,10,16,0,f,91620,DoubleDelta,0,72.37,2024-08-01T18_40_54
LZ4,76851,658.23,ucr,538.09,colmajor/uint16/ucr/DistalPhalanxTW.dat,-1,10,16,0,f,91620,DoubleDelta,0,83.88,2024-08-01T18_40_54
LZO -1,77761,751.54,ucr,534.38,colmajor/uint16/ucr/DistalPhalanxTW.dat,-1,10,16,0,f,91620,DoubleDelta,0,84.87,2024-08-01T18_40_54
LZO -9,77761,304.89,ucr,531.03,colmajor/uint16/ucr/DistalPhalanxTW.dat,-1,10,16,0,f,91620,DoubleDelta,0,84.87,2024-08-01T18_40_54
Huffman,71980,257.24,ucr,214.76,colmajor/uint16/ucr/DistalPhalanxTW.dat,-1,10,16,0,f,91620,DoubleDelta,0,78.56,2024-08-01T18_40_54
Snappy,77078,309.87,ucr,500.84,colmajor/uint16/ucr/DistalPhalanxTW.dat,-1,10,16,0,f,91620,DoubleDelta,0,84.13,2024-08-01T18_40_54
Brotli -1,67439,201.35,ucr,160.8,colmajor/uint16/ucr/DistalPhalanxTW.dat,-1,10,16,0,f,91620,DoubleDelta,0,73.61,2024-08-01T18_40_54
Brotli -9,66046,4.83,ucr,211.21,colmajor/uint16/ucr/DistalPhalanxTW.dat,-1,10,16,0,f,91620,DoubleDelta,0,72.09,2024-08-01T18_40_54
Zlib -1,71671,50.53,ucr,250.23,colmajor/uint16/ucr/MiddlePhalanxOutlineAgeGroup.dat,-1,10,16,0,f,94170,DoubleDelta,0,76.11,2024-08-01T18_40_54
Zlib -9,70183,25.5,ucr,265.28,colmajor/uint16/ucr/MiddlePhalanxOutlineAgeGroup.dat,-1,10,16,0,f,94170,DoubleDelta,0,74.53,2024-08-01T18_40_54
Zstd -1,70204,349.65,ucr,256.17,colmajor/uint16/ucr/MiddlePhalanxOutlineAgeGroup.dat,-1,10,16,0,f,94170,DoubleDelta,0,74.55,2024-08-01T18_40_54
Zstd -9,69726,73.84,ucr,632.19,colmajor/uint16/ucr/MiddlePhalanxOutlineAgeGroup.dat,-1,10,16,0,f,94170,DoubleDelta,0,74.04,2024-08-01T18_40_54
LZ4,81408,665.2,ucr,1348.16,colmajor/uint16/ucr/MiddlePhalanxOutlineAgeGroup.dat,-1,10,16,0,f,94170,DoubleDelta,0,86.45,2024-08-01T18_40_54
LZO -1,82742,987.02,ucr,1398.26,colmajor/uint16/ucr/MiddlePhalanxOutlineAgeGroup.dat,-1,10,16,0,f,94170,DoubleDelta,0,87.86,2024-08-01T18_40_54
LZO -9,82742,985.76,ucr,550.47,colmajor/uint16/ucr/MiddlePhalanxOutlineAgeGroup.dat,-1,10,16,0,f,94170,DoubleDelta,0,87.86,2024-08-01T18_40_54
Huffman,74937,642.34,ucr,533.47,colmajor/uint16/ucr/MiddlePhalanxOutlineAgeGroup.dat,-1,10,16,0,f,94170,DoubleDelta,0,79.58,2024-08-01T18_40_54
Snappy,81671,838.77,ucr,1031.76,colmajor/uint16/ucr/MiddlePhalanxOutlineAgeGroup.dat,-1,10,16,0,f,94170,DoubleDelta,0,86.73,2024-08-01T18_40_54
Brotli -1,70757,199.13,ucr,79.48,colmajor/uint16/ucr/MiddlePhalanxOutlineAgeGroup.dat,-1,10,16,0,f,94170,DoubleDelta,0,75.14,2024-08-01T18_40_54
Brotli -9,69503,4.97,ucr,207.8,colmajor/uint16/ucr/MiddlePhalanxOutlineAgeGroup.dat,-1,10,16,0,f,94170,DoubleDelta,0,73.81,2024-08-01T18_40_54
